mean_accuracy: 0.4977522529561911
mean_auc: 0.5759417606789378
mean_f1: 0.20143975047438029
mean_auprc: 0.13990992574735908
mean_recall: 0.6381255233643588
mean_precision: 0.14296620799628756
accuracies_per_class: [0.9546804188154399, 0.8469292076887014, 0.7736755743084857, 0.9276840131270511, 0.12822315986872948, 0.3833802156586967, 0.04848413814658541, 0.6329113924050633, 0.06844819503047352, 0.8178230973589623, 0.18198155961869042, 0.47249570245350836, 0.1636193155180497, 0.9936708860759493, 0.07227691826847946]
auc_scores_per_class: [0.5914273001411142, 0.6533916503346199, 0.6936381213139378, 0.7391647920660772, 0.5291969616921433, 0.5170541777347123, 0.4613245632412992, 0.694849017807647, 0.3676326402072009, 0.6740208035276415, 0.4592427822952395, 0.5932277522851345, 0.4870445622332528, 0.6706066020621189, 0.5073046832419288]
auprc_scores_per_class: [0.02793067640927268, 0.060340787907103385, 0.21353418509486197, 0.16054688366948372, 0.1615526693752694, 0.06666455709667327, 0.0412928193246888, 0.6168698320839137, 0.04988062591453857, 0.08619699540015996, 0.17924558344340322, 0.3142540607263197, 0.01957751579945835, 0.025390409551338717, 0.07537128441390095]
f1_scores_per_class: [0.06752411120755865, 0.1143761268915249, 0.2970513243461132, 0.25030376179703256, 0.22714048011457255, 0.12311794935646274, 0.08215564269984674, 0.5826967440554953, 0.12787124971745392, 0.15110139848839943, 0.3079262220262843, 0.39360459495709993, 0.044626918474425396, 0.11956521241257109, 0.1325345205708639]
recall_scores_per_class: [0.09655172413793103, 0.2735135135135135, 0.45928705440900564, 0.2890551917680075, 1.0, 0.6826863832409119, 0.9972552607502287, 0.6652469323598013, 1.0, 0.363079615048119, 1.0, 0.7169502617801047, 0.9009009009009009, 0.12790697674418605, 0.9994490358126722]
precision_scores_per_class: [0.0519159456118665, 0.07230637324949986, 0.21951219512195122, 0.22071428571428572, 0.1281209705778924, 0.0676599902296043, 0.04284254382517098, 0.5183721849071513, 0.06830259456080025, 0.09540229885057472, 0.18198155961869042, 0.27126408319920764, 0.02288015375463323, 0.11224489795918367, 0.0709730427638014]
