mean_accuracy: 0.7086159295723291
mean_auc: 0.6430425836304284
mean_f1: 0.217334717681446
mean_auprc: 0.161969765692384
mean_recall: 0.4440315544920153
mean_precision: 0.16199374003905104
accuracies_per_class: [0.955735271136115, 0.8745507110486014, 0.743553680262541, 0.9160415689951555, 0.6635802469135802, 0.8485310204719487, 0.04305360212533208, 0.6066182215971245, 0.7510939209251446, 0.8686513517737147, 0.7084310048445069, 0.6090795436786998, 0.3830285982184716, 0.992420690732927, 0.664869510861072]
auc_scores_per_class: [0.722656300322475, 0.7185834993925465, 0.6474955087957404, 0.7368562500927273, 0.6113821235869092, 0.6296084429960086, 0.48242939724056416, 0.6895799822167468, 0.6366624635275893, 0.6918795314982633, 0.7182605991534597, 0.6478074228377478, 0.5211235915441019, 0.5683813005387763, 0.6229323407127688]
auprc_scores_per_class: [0.05262502490195331, 0.08060498298388556, 0.17715613940418104, 0.11796965802454591, 0.1986461072415872, 0.11186869996859772, 0.044836185702418624, 0.6095206040497184, 0.11465257006809583, 0.09461469054346819, 0.35230432783588816, 0.3501166490276478, 0.021751633785962045, 0.005875268955300061, 0.09700394289251027]
f1_scores_per_class: [0.11276428681565133, 0.14895308402743596, 0.26047768845236724, 0.18567638775314937, 0.268953217817807, 0.16497953454375805, 0.08193403219773385, 0.5798456033353271, 0.17442010793817436, 0.17110453244133544, 0.42034950994516673, 0.4326377818169633, 0.0448772220438246, 0.039603955506323514, 0.17344382058667163]
recall_scores_per_class: [0.16551724137931034, 0.3037837837837838, 0.4337711069418386, 0.2291861552853134, 0.4830741079597438, 0.23598274799753544, 1.0, 0.7045938545786431, 0.38501144164759726, 0.30358705161854765, 0.5809360240446544, 0.6241819371727748, 0.6684684684684684, 0.046511627906976744, 0.49586776859504134]
precision_scores_per_class: [0.0855106888361045, 0.09866573033707865, 0.1861213975205281, 0.15605095541401273, 0.18635294117647058, 0.12682119205298012, 0.04271700472896393, 0.4926262053318208, 0.1127492042218127, 0.11912118091314795, 0.3293172690763052, 0.33104824713641096, 0.023217973590337317, 0.034482758620689655, 0.10510335162910195]
