mean_accuracy: 0.7545714285714286
mean_auc: 0.7100540270087988
mean_f1: 0.44852586191681787
mean_auprc: 0.37130357507509754
mean_recall: 0.6408187883182909
mean_precision: 0.4395592753674978
accuracies_per_class: [0.91, 0.68, 0.64, 0.528, 0.938, 0.75, 0.898, 0.378, 0.318, 0.984, 0.766, 0.99, 0.986, 0.798]
auc_scores_per_class: [0.9023788481366917, 0.7420588564753325, 0.6880965483216, 0.3226117103235747, 0.7901422764227642, 0.7089105602138778, 0.6577714327549602, 0.5636735452686372, 0.4886798139044283, 0.7871690427698574, 0.8025203962703962, 0.9445564516129031, 0.6529292929292929, 0.8892576027188638]
auprc_scores_per_class: [0.6548961603926873, 0.7131670632145752, 0.4840554241299562, 0.4165430905425743, 0.10454637371609046, 0.282121706904746, 0.1257962404145936, 0.023119089151693327, 0.3058788279128077, 0.16690591203765867, 0.5760368509139245, 0.39887174861118324, 0.04095351180229231, 0.905358051306584]
f1_scores_per_class: [0.6280991685567927, 0.7411003187888168, 0.528795806737617, 0.6910994719168884, 0.24390243588340277, 0.3961352610039908, 0.28169013601269594, 0.060422960082511114, 0.47131782583854337, 0.1999999982, 0.5482625434564184, 0.4444444395061729, 0.22222221728395072, 0.8218694835676493]
recall_scores_per_class: [0.6129032258064516, 0.9051383399209486, 0.6688741721854304, 1.0, 0.625, 0.5256410256410257, 0.3448275862068966, 0.9090909090909091, 0.9934640522875817, 0.1111111111111111, 0.6826923076923077, 0.5, 0.2, 0.89272030651341]
precision_scores_per_class: [0.6440677966101694, 0.6273972602739726, 0.43722943722943725, 0.528, 0.15151515151515152, 0.3178294573643411, 0.23809523809523808, 0.03125, 0.3089430894308943, 1.0, 0.45806451612903226, 0.4, 0.25, 0.761437908496732]
