mean_accuracy: 0.5768000000000001
mean_auc: 0.6271147197215095
mean_f1: 0.3999704690521312
mean_auprc: 0.30896673088202525
mean_recall: 0.7051982179677194
mean_precision: 0.2894156855498523
accuracies_per_class: [0.572, 0.426, 0.896, 0.314, 0.676]
auc_scores_per_class: [0.7026888555760072, 0.5252308907522178, 0.7049930448788345, 0.4699854966001771, 0.7326753108003108]
auprc_scores_per_class: [0.48878405539988334, 0.1528836789175636, 0.13734997720972994, 0.2930471333663362, 0.47276880951661315]
f1_scores_per_class: [0.5327510872831372, 0.2913580215813443, 0.2352941127551904, 0.469860892834029, 0.47058823080695455]
recall_scores_per_class: [0.8079470198675497, 0.7564102564102564, 0.27586206896551724, 0.9934640522875817, 0.6923076923076923]
precision_scores_per_class: [0.3973941368078176, 0.18042813455657492, 0.20512820512820512, 0.3076923076923077, 0.3564356435643564]
