mean_accuracy: 0.5994139709329583
mean_auc: 0.6164276299812254
mean_f1: 0.1961465564921551
mean_auprc: 0.13893328422557633
mean_recall: 0.5700844911746509
mean_precision: 0.13396766831624987
accuracies_per_class: [0.9074464760118769, 0.8693936552586342, 0.43159087357399595, 0.8806063447413658, 0.3471245507110486, 0.24605407094858572, 0.5024222534771058, 0.622167526175965, 0.06844819503047352, 0.7673855289889046, 0.22304266291608063, 0.6479918737302703, 0.9182294108454446, 0.8632598843569308, 0.6960462572276919]
auc_scores_per_class: [0.6345992041140115, 0.7577886938050693, 0.6066668559393819, 0.6612653785677403, 0.5635957517673854, 0.5150578622556455, 0.6090087219374037, 0.6921414396688486, 0.4910350771322879, 0.5778688089090078, 0.5218209153024564, 0.6817742403889457, 0.5251159269968423, 0.7396775546297394, 0.6689980183036137]
auprc_scores_per_class: [0.03390875159339408, 0.09437466647150654, 0.126390731008483, 0.07561370655692225, 0.15695372689596798, 0.06365621259103105, 0.05534398335419589, 0.6000677918920907, 0.06758421690656709, 0.056913670844490956, 0.2339609945422285, 0.3768214969874989, 0.025409664012697075, 0.0064563369056025, 0.11054331282096833]
f1_scores_per_class: [0.06842311946055966, 0.17720895538070133, 0.23381957734374412, 0.12884834239885162, 0.24924749288290887, 0.12456904236662508, 0.10410804585120362, 0.5817222389556431, 0.12787124971745392, 0.10546874715529275, 0.3096948843036076, 0.45833833850402117, 0.055079003016372315, 0.015748031024071248, 0.20205127902127024]
recall_scores_per_class: [0.2, 0.3891891891891892, 0.8330206378986866, 0.21141253507951357, 0.8459896309850564, 0.8459642637091805, 0.6770356816102471, 0.6819795152621438, 1.0, 0.30708661417322836, 0.9577071704594247, 0.6236910994764397, 0.10990990990990991, 0.32558139534883723, 0.5426997245179064]
precision_scores_per_class: [0.04127134724857685, 0.1147227533460803, 0.13599607939230582, 0.09266092660926609, 0.14615384615384616, 0.06723470936780765, 0.05638954507353502, 0.5071644042232277, 0.06830259456080025, 0.06366769454017776, 0.18471284832926174, 0.3622885383007033, 0.03674698795180723, 0.008069164265129682, 0.12413358538122243]
