mean_accuracy: 0.81601031411158
mean_auc: 0.6878332066331687
mean_f1: 0.25999430059390044
mean_auprc: 0.20701850256938392
mean_recall: 0.38645654905080723
mean_precision: 0.21001928095056596
accuracies_per_class: [0.9655024222534772, 0.8860759493670886, 0.8443506797937178, 0.9312392561337709, 0.7809032661353337, 0.8212611345522738, 0.9340131270511017, 0.6454133458352868, 0.8456008751367401, 0.819268635724332, 0.7650023441162682, 0.6076340053133302, 0.9312392561337709, 0.892991092358181, 0.5696593217690264]
auc_scores_per_class: [0.6898002610316001, 0.7310258351253853, 0.7904336551542219, 0.8273790061184934, 0.7073451035997527, 0.634350749234499, 0.7646074220834993, 0.7017065877921088, 0.6331248627846691, 0.6715824658220017, 0.7632361738541411, 0.6601293283265851, 0.6382837012164915, 0.576312070961684, 0.5281808763923974]
auprc_scores_per_class: [0.04805379793260078, 0.09373978068360178, 0.32942158974354857, 0.228542659646076, 0.27905041808561637, 0.11743254457852985, 0.21223936445795544, 0.6439942546935096, 0.13236287830861104, 0.08427575022594691, 0.44403620799881094, 0.3629182610009021, 0.04571446682037794, 0.004609086248998347, 0.07888647811567212]
f1_scores_per_class: [0.1053698025677272, 0.17111995064362417, 0.4044843001393665, 0.3076317811215731, 0.3345989511075668, 0.17641763762804918, 0.2876423400325493, 0.5891725462072811, 0.2086503759064278, 0.14931959947497025, 0.48664333394853776, 0.44227244511862807, 0.08713692536062266, 0.014393666186839817, 0.13506085346474273]
recall_scores_per_class: [0.11954022988505747, 0.3254054054054054, 0.5076923076923077, 0.36576239476145933, 0.43000914913083255, 0.30191004313000613, 0.3119853613906679, 0.6599736335057297, 0.29805491990846683, 0.3552055993000875, 0.6120652640618292, 0.6515052356020943, 0.15135135135135136, 0.23255813953488372, 0.4738292011019284]
precision_scores_per_class: [0.09420289855072464, 0.11608175858079445, 0.33614906832298136, 0.2654446707399864, 0.27383958050106816, 0.12461851475076297, 0.2668231611893584, 0.532090589485733, 0.16050523721503387, 0.09452852153667055, 0.403881569627426, 0.3347625052543085, 0.06117989803350328, 0.007426661715558856, 0.07875457875457875]
