mean_accuracy: 0.7342162837943429
mean_auc: 0.682790193567543
mean_f1: 0.2473635600949066
mean_auprc: 0.19175364917225843
mean_recall: 0.46971912980627123
mean_precision: 0.18864485630865593
accuracies_per_class: [0.9302625410220347, 0.882364431942491, 0.8355993123925614, 0.9344038130957962, 0.7521097046413502, 0.5185575871229879, 0.7885607126113455, 0.6222065947804345, 0.06919049851539304, 0.8851773714642913, 0.7689873417721519, 0.37404281919049853, 0.9005313330207845, 0.9950773558368495, 0.7561728395061729]
auc_scores_per_class: [0.7098158205981068, 0.7814360881086997, 0.8255022920134906, 0.8229088937057701, 0.7081076063289067, 0.569003486387785, 0.7004557090848968, 0.6936921621727264, 0.49922612472432193, 0.6770434750128078, 0.7824526538738078, 0.5791388579607808, 0.5869181389368282, 0.6443205127036365, 0.6618310819005797]
auprc_scores_per_class: [0.04192203871815825, 0.11288967816242462, 0.3391126968410104, 0.21335129391968213, 0.27541283640314673, 0.08866299202614496, 0.08797161074857042, 0.6220795919972157, 0.07098312393489685, 0.09844055888197571, 0.4480990846170102, 0.30515060404457683, 0.02952185721935239, 0.015134846223866471, 0.12757192384584468]
f1_scores_per_class: [0.09528636250286124, 0.18334689073536956, 0.43242513701901214, 0.2995410880913338, 0.3349753649468803, 0.13322078998702996, 0.1471793227080123, 0.5821811219672413, 0.1278963346856367, 0.1709449885784648, 0.4897747816277563, 0.39079847551969654, 0.0625920438763718, 0.05970148793940779, 0.2005892112385241]
recall_scores_per_class: [0.2160919540229885, 0.3654054054054054, 0.6015009380863039, 0.33582787652011226, 0.4873437023482769, 0.5834873690696242, 0.4272644098810613, 0.6831964303823141, 0.9994279176201373, 0.2650918635170604, 0.609274366680979, 0.8408049738219895, 0.15315315315315314, 0.046511627906976744, 0.43140495867768597]
precision_scores_per_class: [0.0611183355006502, 0.1223750905141202, 0.337544746262371, 0.2703313253012048, 0.2551900351325455, 0.07519453708114976, 0.08890158004949553, 0.5071896408943762, 0.06831958077509678, 0.12614487926727727, 0.40946472370509307, 0.2545571626708936, 0.03933364183248496, 0.08333333333333333, 0.13067423230974634]
