mean_accuracy: 0.7779574933583372
mean_auc: 0.6876739315683678
mean_f1: 0.25738975617028365
mean_auprc: 0.2059602442361271
mean_recall: 0.42706583585132596
mean_precision: 0.2048433860278947
accuracies_per_class: [0.9567119862478513, 0.8246210345366464, 0.8425925925925926, 0.9343256758868573, 0.7144866385372715, 0.8236443194249101, 0.9397171433036412, 0.6313095796218159, 0.8409517112048758, 0.8278246601031412, 0.7645335208626348, 0.6212298796686982, 0.8949445225816534, 0.9806219721831536, 0.07184716361931552]
auc_scores_per_class: [0.6802625117233522, 0.7431896076693612, 0.7875960698802502, 0.8201436472732003, 0.7138437660359355, 0.6164471485545494, 0.8065141975818708, 0.7056756116888429, 0.5856013164419661, 0.6758021235158961, 0.7552718670809618, 0.6298379867801316, 0.6703708620564977, 0.6271963571057406, 0.49735590013695913]
auprc_scores_per_class: [0.04177166899669017, 0.0927918166732537, 0.32633956353349386, 0.2280068889701126, 0.273344023474815, 0.11414934151993807, 0.25729339657565664, 0.64687667692704, 0.11847065171798153, 0.0848815649318886, 0.4331135620794275, 0.34406575026291786, 0.047896275966281286, 0.005483037699179238, 0.07491944421323124]
f1_scores_per_class: [0.09771986513179207, 0.164215227087338, 0.3991051406241405, 0.3158323109165991, 0.33418366927947774, 0.17113477363452606, 0.32883862050142276, 0.5911709867448726, 0.16867469420442838, 0.14906352233735837, 0.4788586203512124, 0.4159286657491775, 0.09001691742293465, 0.023622044431459203, 0.13248128413751548]
recall_scores_per_class: [0.13793103448275862, 0.47675675675675677, 0.502063789868668, 0.362956033676333, 0.5593168648978347, 0.2871226124460875, 0.3458371454711802, 0.6919176554102018, 0.23627002288329518, 0.33770778652668415, 0.594461142121082, 0.5647905759162304, 0.23963963963963963, 0.06976744186046512, 0.9994490358126722]
precision_scores_per_class: [0.07566204287515763, 0.09919028340080972, 0.3311881188118812, 0.27953890489913547, 0.2382746524619982, 0.12189380068009417, 0.31343283582089554, 0.516033882922402, 0.13115274690377898, 0.09563924677898909, 0.40089764007528594, 0.3291694478878612, 0.05541666666666667, 0.014218009478672985, 0.07094251075479077]
