mean_accuracy: 0.774318903995416
mean_auc: 0.6867659190094138
mean_f1: 0.24646517490307232
mean_auprc: 0.19139273714814578
mean_recall: 0.4225307395043424
mean_precision: 0.19267355642305925
accuracies_per_class: [0.9634708548210658, 0.8545866541647132, 0.8365760275042975, 0.9076418190342241, 0.6905375839974996, 0.8096577590248476, 0.9304578840443819, 0.6416236912017502, 0.865369588998281, 0.80098452883263, 0.7393342709798406, 0.6268948273167683, 0.8929129551492421, 0.9831614314736677, 0.07157368338802939]
auc_scores_per_class: [0.6546606292259458, 0.7756849654972957, 0.7740328498342732, 0.8039566026070122, 0.6895452332216636, 0.64207415104161, 0.7488846241319518, 0.690856914930692, 0.6103315131991554, 0.6357739000369199, 0.7626087258950663, 0.6282579423471104, 0.672264333340169, 0.7190219521756174, 0.4935344476567225]
auprc_scores_per_class: [0.035192774969878465, 0.10194960441615968, 0.30408324624236993, 0.18688393252685526, 0.2547673179403578, 0.11717587677494803, 0.17989148290163237, 0.6218495998873853, 0.11131166898514228, 0.07004558444257103, 0.4125365325221529, 0.34661031193190056, 0.04508491548119775, 0.008534394867732914, 0.07497381333190307]
f1_scores_per_class: [0.0788177290921889, 0.18053720503470136, 0.38112146289622856, 0.2721674832686902, 0.31780208017742617, 0.18145160893670034, 0.24448216820090535, 0.5844620562119615, 0.17282764755371263, 0.13337869710534478, 0.47139913969415304, 0.41754085894900433, 0.09268453854327233, 0.0357941803376227, 0.13251076754417285]
recall_scores_per_class: [0.09195402298850575, 0.44324324324324327, 0.4833020637898687, 0.41347053320860616, 0.5626715462031107, 0.33271719038817005, 0.26349496797804206, 0.6541932866849204, 0.20594965675057209, 0.3429571303587052, 0.6386861313868614, 0.5600458115183246, 0.25225225225225223, 0.09302325581395349, 1.0]
precision_scores_per_class: [0.06896551724137931, 0.11335360796239978, 0.3146067415730337, 0.2028453418999541, 0.221435429668747, 0.12474012474012475, 0.22802850356294538, 0.528164401506468, 0.1488833746898263, 0.08278775079197466, 0.3735560020090407, 0.33284714119019837, 0.05677210056772101, 0.0221606648199446, 0.07095664412213143]
