mean_accuracy: 0.37683752669687975
mean_auc: 0.5340385172503387
mean_f1: 0.17544274300631307
mean_auprc: 0.11866361135245772
mean_recall: 0.7589143016781447
mean_precision: 0.10799857430874676
accuracies_per_class: [0.7208548210657916, 0.036333802156586964, 0.35411783091107985, 0.05336771370526645, 0.12826222847319893, 0.413384903891233, 0.3128613845913424, 0.3852555086732302, 0.11302547273011408, 0.04867948116893264, 0.18241131426785434, 0.5719253008282544, 0.829387404281919, 0.9103766213470855, 0.5923191123613064]
auc_scores_per_class: [0.5575877098611379, 0.3633871040186147, 0.578782174077498, 0.4898840219726162, 0.478639032249323, 0.546102825835154, 0.5241089660249978, 0.6325853127135761, 0.4951663620742198, 0.45688688629702584, 0.46862259329010825, 0.6589740266144002, 0.6382804273064246, 0.5221326793870165, 0.5994376370329672]
auprc_scores_per_class: [0.020717256896676403, 0.02695233586533489, 0.11865731652586008, 0.044712873383668625, 0.12327437074435157, 0.07205859354886368, 0.043209109481377246, 0.5813852742766353, 0.07083963748686706, 0.04019171498920684, 0.1689023799607084, 0.3412016212937924, 0.03397445635195749, 0.0035619193887718, 0.09031531009279395]
f1_scores_per_class: [0.04286671022196465, 0.0697691952838047, 0.21886221666091524, 0.08031579668592967, 0.2271483475414151, 0.13062358697182266, 0.08813770112913463, 0.5562230266979484, 0.12858403897384588, 0.08554904529522532, 0.3079924579606948, 0.4511345947595944, 0.0730205880296507, 0.009499135727059096, 0.16191470315569054]
recall_scores_per_class: [0.367816091954023, 1.0, 0.8690431519699813, 0.9897100093545369, 1.0, 0.6950092421441775, 0.777676120768527, 1.0, 0.9582379862700229, 0.9965004374453194, 0.9997853155860884, 0.7367473821989529, 0.3099099099099099, 0.12790697674418605, 0.5553719008264463]
precision_scores_per_class: [0.02275960170697013, 0.03614551990934313, 0.12519595653819127, 0.04185623293903549, 0.1281259768677712, 0.07208588957055215, 0.046716130805166255, 0.3852555086732302, 0.06891586093396421, 0.04469295664116147, 0.18203494508071766, 0.32510288065843623, 0.04138594802694899, 0.004932735426008968, 0.0947724708537044]
