mean_accuracy: 0.7828853466687504
mean_auc: 0.6707192871148858
mean_f1: 0.250153289985172
mean_auprc: 0.19288650302935847
mean_recall: 0.40272655898313536
mean_precision: 0.20059202383638383
accuracies_per_class: [0.9556962025316456, 0.8801375214877325, 0.8444678856071262, 0.9298327863728708, 0.6851851851851852, 0.823722456633849, 0.9383497421472105, 0.6235739959368651, 0.8161431473667761, 0.8550554774183466, 0.7448820128145023, 0.6619393655258634, 0.9301844038130958, 0.9832005000781372, 0.07090951711204876]
auc_scores_per_class: [0.7070941755782416, 0.7624584066860423, 0.7496472450224481, 0.7699400248587276, 0.6898624484596982, 0.6168482467401005, 0.7779440081258231, 0.6909435174988907, 0.6114389152849818, 0.6937500650720709, 0.7476304994758287, 0.6345264978124083, 0.5691972552401449, 0.6123891223687928, 0.4271188784990865]
auprc_scores_per_class: [0.05686258382313714, 0.10247073959709607, 0.30589529635348517, 0.17832581296477606, 0.2470423410270955, 0.10724210629219036, 0.2006639249710997, 0.6200261544642096, 0.10611374852026491, 0.09158828290958951, 0.4208533615914389, 0.35545618763276277, 0.03281507537507415, 0.005952636198832743, 0.061989293719324795]
f1_scores_per_class: [0.12499999554023078, 0.1721532612297659, 0.37670267245023137, 0.26872963677763495, 0.31769686305063755, 0.16537180489922418, 0.28142076002742616, 0.5802657324113132, 0.17956763871927828, 0.15873015489000888, 0.4665904216865515, 0.4200790783347256, 0.07168830758455075, 0.03587443634901192, 0.1324285858269884]
recall_scores_per_class: [0.18620689655172415, 0.34486486486486484, 0.45140712945590994, 0.3086997193638915, 0.572125648063434, 0.2754158964879852, 0.282708142726441, 0.6753878916945543, 0.29462242562929064, 0.30621172353455817, 0.6131386861313869, 0.5127617801047121, 0.12432432432432433, 0.09302325581395349, 1.0]
precision_scores_per_class: [0.09407665505226481, 0.1147069399496584, 0.3232133261687265, 0.23792357606344627, 0.21990387996717853, 0.11816019032513878, 0.28014505893019037, 0.5086299068275546, 0.12913741223671013, 0.10713192531374349, 0.37658227848101267, 0.3557725053922125, 0.050364963503649635, 0.022222222222222223, 0.07090951711204876]
