mean_accuracy: 0.5683726623951659
mean_auc: 0.5683301970466093
mean_f1: 0.20010926513258298
mean_auprc: 0.1172654658101972
mean_recall: 0.5915284211344869
mean_precision: 0.13144038131446895
accuracies_per_class: [0.9381153305203939, 0.8608766994842945, 0.5920456321300203, 0.9210423503672449, 0.6163853727144867, 0.7762931708079387, 0.8221597124550711, 0.38529457727769967, 0.20108610720425066, 0.3413423972495703, 0.2722300359431161, 0.5013283325519613, 0.23972495702453508, 0.9256133770901703, 0.13205188310673543]
auc_scores_per_class: [0.6581369086531017, 0.7671766501209977, 0.6133234273339637, 0.7304864919868572, 0.6263516613992648, 0.5767733437229225, 0.6607185243370128, 0.3843216805106713, 0.464062849035501, 0.5193687041317929, 0.5025968016718356, 0.5946833658520725, 0.47458139821863315, 0.4993871532367608, 0.45298399548775137]
auprc_scores_per_class: [0.04481514842008457, 0.09442212165654276, 0.1394302510509574, 0.15380483736924136, 0.18602855395044335, 0.08678836277888897, 0.07805460679349097, 0.3170787574841137, 0.06024740756109777, 0.0424544446422512, 0.17220070109316643, 0.30188828918856064, 0.018692742081774533, 0.0033957057636793972, 0.05968005731866486]
f1_scores_per_class: [0.10102156268322564, 0.18269451122965066, 0.23209295169480695, 0.25009275959205984, 0.27239718046347206, 0.14332734521572332, 0.13722516729882805, 0.5562387143961728, 0.1290514914452385, 0.0964681911431664, 0.31185814269930795, 0.40030069126399814, 0.04542332920642562, 0.009365243682082023, 0.1340816949745867]
recall_scores_per_class: [0.2045977011494253, 0.43027027027027026, 0.5921200750469043, 0.31524789522918617, 0.5605367490088442, 0.2951324707332101, 0.3311985361390668, 1.0, 0.8667048054919908, 0.7874015748031497, 0.9061829111206526, 0.6969895287958116, 0.8342342342342343, 0.10465116279069768, 0.9476584022038568]
precision_scores_per_class: [0.06706857573474001, 0.11596736596736597, 0.14433366870941186, 0.2072570725707257, 0.17991386061080658, 0.09464532701047224, 0.08654076021993784, 0.3852705606563782, 0.06971607381160554, 0.051381593971226304, 0.18833660538996966, 0.28078038491958873, 0.0233472845544854, 0.004901960784313725, 0.07214462480600646]
