mean_accuracy: 0.8349038912330051
mean_auc: 0.7137917124557452
mean_f1: 0.2753278811888817
mean_auprc: 0.2218729463220153
mean_recall: 0.3864888728744978
mean_precision: 0.236357486613289
accuracies_per_class: [0.9415924363181747, 0.9194405375839975, 0.8561103297390217, 0.9326457258946711, 0.717065166432255, 0.8228629473355211, 0.9352242537896547, 0.6508438818565401, 0.8064932020628223, 0.8729488982653539, 0.7755117987185498, 0.6543991248632599, 0.92705891545554, 0.9965619628066885, 0.7147991873730271]
auc_scores_per_class: [0.7065130901819866, 0.7833328330559899, 0.8303618417042464, 0.8133371317983582, 0.717007616677724, 0.6253706707785014, 0.8336805034497521, 0.7102221031215368, 0.5755216149649535, 0.6499773576027201, 0.7864827031706318, 0.68325187161892, 0.7052178571287233, 0.6344960480614077, 0.6521024435207262]
auprc_scores_per_class: [0.05030519190431492, 0.1187179869363783, 0.36048899221040737, 0.24364643727551105, 0.27917987221656526, 0.11612214792832716, 0.29404385916490816, 0.6393531049569752, 0.11343798064081625, 0.09609071708000348, 0.4512310567287434, 0.38321322665385893, 0.05564231785120209, 0.007467121467498203, 0.11915418181471941]
f1_scores_per_class: [0.10102224508461023, 0.20570107399532833, 0.44691394624286024, 0.33743273920204175, 0.33547439476525687, 0.17081199289954424, 0.34362628170974674, 0.5953728388115715, 0.16574026871030678, 0.16228747652519426, 0.4936552648113567, 0.45683408594103236, 0.10883054503129981, 0.022222221372839537, 0.18399284273023567]
recall_scores_per_class: [0.19310344827586207, 0.28864864864864864, 0.5583489681050656, 0.4106641721234799, 0.5574870387313205, 0.28773875539125077, 0.3970722781335773, 0.6667680762600142, 0.2814645308924485, 0.2755905511811024, 0.6013310433662516, 0.6086387434554974, 0.20540540540540542, 0.011627906976744186, 0.4534435261707989]
precision_scores_per_class: [0.06840390879478828, 0.15978456014362658, 0.37255883825738606, 0.28636660143509457, 0.23992649954062212, 0.12145643693107933, 0.30286113049546404, 0.5377883199738263, 0.11745046550489377, 0.11500547645125958, 0.4186846038863976, 0.36563790053076467, 0.07402597402597402, 0.25, 0.11541158322815874]
