mean_accuracy: 0.7606761473146847
mean_auc: 0.6840932771582691
mean_f1: 0.25119718533603635
mean_auprc: 0.19249717768409277
mean_recall: 0.43711938394858396
mean_precision: 0.19804131631186772
accuracies_per_class: [0.9556962025316456, 0.8573214564775746, 0.8277074542897328, 0.9353805282075325, 0.7343725582122207, 0.8079387404281919, 0.9321769026410377, 0.6669401468979528, 0.5931395530551649, 0.835911861228317, 0.7306610407876231, 0.5632130020315674, 0.9055711829973433, 0.9930848570089077, 0.0710267229254571]
auc_scores_per_class: [0.7167873835031134, 0.7680379524269112, 0.7619923806004849, 0.7879681706988838, 0.7107751018302184, 0.6508296880200948, 0.7440928588052348, 0.7023353047139156, 0.5504259024738677, 0.6311633090193665, 0.7565939890168691, 0.6484433193136858, 0.6574165395777951, 0.715529933541794, 0.4590073238318017]
auprc_scores_per_class: [0.05679579396436936, 0.10565579400158771, 0.301652024397226, 0.1773902651060715, 0.27178132505303243, 0.1171501612021349, 0.18568180556435307, 0.6272600737677354, 0.08923491388026572, 0.07306418542136277, 0.405455943389746, 0.3496536977870264, 0.0445413549911273, 0.014276646384797463, 0.06786368035055587]
f1_scores_per_class: [0.1222910172052475, 0.18189963829154243, 0.3793976874035147, 0.25495494996177676, 0.33855432973441135, 0.179024712147299, 0.25938566055172824, 0.5871470723503842, 0.13734260852403365, 0.1414554338677771, 0.4619946886767963, 0.4382474080645409, 0.0903274336539679, 0.06349205853251629, 0.13244308107500888]
recall_scores_per_class: [0.18160919540229886, 0.43891891891891893, 0.5058161350844278, 0.264733395696913, 0.5306495882891126, 0.3302526186075169, 0.27813357731015553, 0.614744954872731, 0.4742562929061785, 0.3027121609798775, 0.635465865178188, 0.7135143979057592, 0.21621621621621623, 0.06976744186046512, 1.0]
precision_scores_per_class: [0.09218203033838973, 0.11472167278892342, 0.3035352398108534, 0.24587315377932234, 0.24857142857142858, 0.12279495990836196, 0.24300559552358114, 0.5619206525769374, 0.08029833397907787, 0.0922912776740464, 0.36292300147130946, 0.316243654822335, 0.05708848715509039, 0.05825242718446602, 0.07091782909389287]
