mean_accuracy: 0.7876673438558108
mean_auc: 0.6819472413791308
mean_f1: 0.2633991597513958
mean_auprc: 0.2026567723441611
mean_recall: 0.413857925624206
mean_precision: 0.2099973554368967
accuracies_per_class: [0.950070323488045, 0.8926785435224254, 0.8544694483513049, 0.931590873573996, 0.7371073605250821, 0.7414830442256602, 0.9424519456165026, 0.6112283169245195, 0.2093686513517737, 0.8971714330364119, 0.7673073917799657, 0.6152523831848726, 0.9346772933270824, 0.9930848570089077, 0.7370682919206126]
auc_scores_per_class: [0.7192067910244234, 0.6747002224956099, 0.8344007550835884, 0.8047971645993077, 0.7167452749066403, 0.5805829283349395, 0.8086332315713605, 0.6919253634415742, 0.5303769914454398, 0.5896506551983828, 0.7257466030379986, 0.649749486523242, 0.6489094461659455, 0.6644947717721277, 0.5892889350863821]
auprc_scores_per_class: [0.04902323412170103, 0.0780214829105877, 0.3730437028218583, 0.24410823061381104, 0.2801589439734461, 0.08817593041093964, 0.2835520009148104, 0.5682431485418897, 0.07809653341036127, 0.07345298121853205, 0.40708091640919103, 0.3595347532606406, 0.04669414196546118, 0.010379863130069387, 0.10028572145911706]
f1_scores_per_class: [0.09745762286205492, 0.1423665272690128, 0.4617829746024702, 0.33699355822567295, 0.34459919697715635, 0.1429866564387107, 0.35081533215962135, 0.591015572015552, 0.1314219480519706, 0.1364829349450461, 0.461093009962307, 0.4405816814474536, 0.08633879358819335, 0.06349205853251629, 0.16355952919319902]
recall_scores_per_class: [0.15862068965517243, 0.2464864864864865, 0.599624765478424, 0.41627689429373244, 0.539493748093931, 0.34011090573012936, 0.36413540713632203, 0.7291349761687456, 0.8758581235697941, 0.18197725284339458, 0.5470158866466295, 0.6344895287958116, 0.14234234234234233, 0.06976744186046512, 0.362534435261708]
precision_scores_per_class: [0.07033639143730887, 0.10008779631255488, 0.37546992481203006, 0.2830788804071247, 0.2531482541499714, 0.09052148245326337, 0.33843537414965985, 0.4968901174844506, 0.07104078697044221, 0.10918635170603674, 0.39849859243040353, 0.3374521406195614, 0.06196078431372549, 0.05825242718446602, 0.10560102712245226]
