mean_accuracy: 0.7202740011460125
mean_auc: 0.6662138389132889
mean_f1: 0.24058624341510793
mean_auprc: 0.18846244948769583
mean_recall: 0.46145661700346835
mean_precision: 0.19203255257395144
accuracies_per_class: [0.9694483513048914, 0.8729879668698234, 0.8449367088607594, 0.9251054852320675, 0.7519534302234724, 0.25851695577433975, 0.9188154399124864, 0.6715893108298172, 0.47097202687919987, 0.7747694952336303, 0.7600406313486482, 0.6436943272386311, 0.8927566807313643, 0.9745663384903891, 0.07395686826066573]
auc_scores_per_class: [0.6818548318940962, 0.7646719696065082, 0.7587349044441424, 0.802075759811556, 0.685263941239379, 0.5508431659060682, 0.7523690453871641, 0.6998682255322287, 0.5315542965862361, 0.6494261546754985, 0.7551024357791334, 0.6754697277790558, 0.6472513726137783, 0.5446172499612555, 0.4941045024832311]
auprc_scores_per_class: [0.04459223534006921, 0.10101953461241707, 0.2870260770266737, 0.1988679015875926, 0.24882509541572048, 0.08088919526524173, 0.16030704238723226, 0.6337503390017825, 0.08126904765775934, 0.07452130469410964, 0.4173552613725939, 0.3796960999364271, 0.04438028015713859, 0.003987632140927027, 0.07044969571975257]
f1_scores_per_class: [0.09699768553128475, 0.17171974162034978, 0.36465502952425716, 0.28496829061726464, 0.32030831361104267, 0.12671973358321825, 0.2257824094791374, 0.5891897125317079, 0.13037055866447939, 0.13216919781323358, 0.4673026838226947, 0.45830363044291894, 0.0925619804748857, 0.015128590777280444, 0.13261609273286373]
recall_scores_per_class: [0.09655172413793103, 0.3643243243243243, 0.4273921200750469, 0.35734331150608045, 0.45623665751753584, 0.8484288354898336, 0.27721866422689845, 0.6112970286989149, 0.5806636155606407, 0.38407699037620296, 0.5783598110777157, 0.631217277486911, 0.25225225225225223, 0.05813953488372093, 0.9983471074380166]
precision_scores_per_class: [0.09744779582366589, 0.11233333333333333, 0.3179787828029034, 0.2369727047146402, 0.24678323985483339, 0.06847339632023869, 0.19044626021370206, 0.5686256013583624, 0.07342834406424076, 0.07981818181818182, 0.39202561117578577, 0.3597538232002984, 0.05668016194331984, 0.008695652173913044, 0.07102539981185324]
