mean_accuracy: 0.6327603271344481
mean_auc: 0.6221460911636966
mean_f1: 0.2143662669230942
mean_auprc: 0.14984597403903932
mean_recall: 0.553250765177042
mean_precision: 0.1524376731194032
accuracies_per_class: [0.9210814189717144, 0.8158696671354899, 0.7269495233630254, 0.9346772933270824, 0.641779965619628, 0.19549929676511954, 0.70538365369589, 0.5903266135333646, 0.06837005782153462, 0.7266369745272699, 0.6050945460228161, 0.6085716518205969, 0.4305750898577903, 0.8199328020003126, 0.7006563525550867]
auc_scores_per_class: [0.6985460073905656, 0.7303477438769888, 0.7119332219678859, 0.7334185044846437, 0.6080855476188202, 0.5140371771189807, 0.6470550369338797, 0.6660090252926869, 0.3595782562061631, 0.6435921908362854, 0.6506720387054528, 0.6642335735469888, 0.550560036495103, 0.47816086714740225, 0.6759621398336033]
auprc_scores_per_class: [0.039333314209264, 0.0873413794041964, 0.20516639266266765, 0.1610857677040935, 0.1835041577387353, 0.062309352514563154, 0.06302830121713267, 0.5413102935496882, 0.048684624960422106, 0.072027989168001, 0.278110793859472, 0.36116966031083503, 0.022894425327458487, 0.003223405039912084, 0.11849975291914869]
f1_scores_per_class: [0.0925426743037444, 0.15583019605321669, 0.2985044626073674, 0.260176986165013, 0.2599079789956475, 0.12277413179621262, 0.1164616263549399, 0.573739832594974, 0.12786189625027528, 0.12896800453040028, 0.364276725417093, 0.4499588206850037, 0.050302990115424114, 0.008177318336955319, 0.20601035964014605]
recall_scores_per_class: [0.2367816091954023, 0.4702702702702703, 0.5579737335834897, 0.27502338634237605, 0.4910033546813053, 0.8878619839802834, 0.454711802378774, 0.715647500253524, 1.0, 0.4531933508311461, 0.6217260626878489, 0.6704842931937173, 0.6954954954954955, 0.22093023255813954, 0.5476584022038568]
precision_scores_per_class: [0.057509771077610274, 0.09338772005152426, 0.20375445327486982, 0.24685138539042822, 0.17672886937431395, 0.06594663859777584, 0.06678312281644719, 0.4787977474726915, 0.06829725716964914, 0.07518142235123368, 0.2576054082903398, 0.3385937370899777, 0.02609518658734451, 0.0041657531243148435, 0.1268666241225271]
