mean_accuracy: 0.6004870552690523
mean_auc: 0.6313140128723166
mean_f1: 0.22293129172241555
mean_auprc: 0.16483239783045603
mean_recall: 0.5745268775705961
mean_precision: 0.16151172787110762
accuracies_per_class: [0.9369823409907798, 0.8659165494608533, 0.8207141740897015, 0.9377637130801688, 0.5046491639318643, 0.2759415533677137, 0.8432567588685732, 0.5659868729488983, 0.07016721362712924, 0.845249257696515, 0.6418971714330364, 0.6048992030004688, 0.02394905453977184, 0.9916002500390686, 0.07833255196124395]
auc_scores_per_class: [0.6306392350504133, 0.7996635726156216, 0.7649630185932624, 0.7789519524177608, 0.6191618228584457, 0.5457371572182805, 0.6373949990402056, 0.6724666605891805, 0.5062304396187294, 0.652968114703161, 0.7153169526534842, 0.6593000425372516, 0.43441735733577114, 0.6382795620504499, 0.4142193058027318]
auprc_scores_per_class: [0.04223034743396261, 0.11018318620724436, 0.2880842744160295, 0.1885031713032156, 0.1961234465793936, 0.07424328479473301, 0.07721849010682072, 0.558252273059935, 0.07703321951352646, 0.08441617293474052, 0.32678779675165415, 0.3663283043691786, 0.018929305463426572, 0.006082270344167016, 0.058070424178813]
f1_scores_per_class: [0.09736988999317034, 0.18479809633366434, 0.3685152010797456, 0.26758620189799875, 0.259793329848442, 0.1266669794082545, 0.1217162835749809, 0.5744493345059805, 0.1280134816178998, 0.15561713551695244, 0.4140135490718534, 0.4430247242886141, 0.04254014445008615, 0.027149316512766745, 0.1327157077358235]
recall_scores_per_class: [0.2, 0.4205405405405405, 0.5024390243902439, 0.2722170252572498, 0.6785605367490088, 0.8280961182994455, 0.25434583714547115, 0.760369130919785, 0.9994279176201373, 0.3193350831146107, 0.695148132245599, 0.6580497382198953, 1.0, 0.03488372093023256, 0.9944903581267218]
precision_scores_per_class: [0.0643491124260355, 0.11841704718417047, 0.2909604519774011, 0.2631103074141049, 0.16064981949458484, 0.06857842637003776, 0.08, 0.4615858163014036, 0.06838644014718546, 0.10287485907553551, 0.29479242534595773, 0.33391448733914486, 0.021732320463622837, 0.022222222222222223, 0.0711021823052076]
