mean_accuracy: 0.7932
mean_auc: 0.6865132765574896
mean_f1: 0.267477189835737
mean_auprc: 0.19280687518901135
mean_recall: 0.48506895635684066
mean_precision: 0.21724084391181783
accuracies_per_class: [0.908, 0.898, 0.798, 0.931, 0.638, 0.847, 0.931, 0.673, 0.925, 0.759, 0.645, 0.624, 0.828, 0.651, 0.842]
auc_scores_per_class: [0.6229916270649467, 0.7656954085982219, 0.7272533735097603, 0.7750091149393856, 0.678780284043442, 0.6939151856915015, 0.6972586819797648, 0.6847552779650523, 0.6785726950354609, 0.6464111740729694, 0.733425804024826, 0.6462069079600344, 0.6873721881390593, 0.6788577154308617, 0.5811937099070563]
auprc_scores_per_class: [0.030311266780188535, 0.12620089417178929, 0.23456320605008335, 0.20668607411634612, 0.23523952494657513, 0.20949475635787512, 0.11115435888105332, 0.6062750794334767, 0.20598083620566562, 0.06306080875613193, 0.3334496974118456, 0.3562629025750981, 0.03749014633314887, 0.0029920294596062517, 0.13294154635628633]
f1_scores_per_class: [0.0980392127797002, 0.19047618653565138, 0.34838709235879295, 0.3428571379337869, 0.3220973746715482, 0.2816901362551522, 0.2247190961292767, 0.5834394854501521, 0.3119266005555088, 0.14234875190587762, 0.44790046250434756, 0.4437869776861804, 0.09473684005761777, 0.011331444646534362, 0.16842104806592811]
recall_scores_per_class: [0.2777777777777778, 0.35294117647058826, 0.5294117647058824, 0.391304347826087, 0.6825396825396826, 0.39473684210526316, 0.21739130434782608, 0.6010498687664042, 0.2833333333333333, 0.47619047619047616, 0.7912087912087912, 0.6302521008403361, 0.4090909090909091, 1.0, 0.23880597014925373]
precision_scores_per_class: [0.05952380952380952, 0.13043478260869565, 0.25961538461538464, 0.3050847457627119, 0.2107843137254902, 0.21897810218978103, 0.23255813953488372, 0.5668316831683168, 0.3469387755102041, 0.08368200836820083, 0.3123644251626898, 0.3424657534246575, 0.05357142857142857, 0.005698005698005698, 0.13008130081300814]
