mean_accuracy: 0.7491428571428572
mean_auc: 0.7191426381269308
mean_f1: 0.401352114664561
mean_auprc: 0.3495559728464948
mean_recall: 0.6260419234197974
mean_precision: 0.3358521092712712
accuracies_per_class: [0.84, 0.628, 0.574, 0.752, 0.89, 0.62, 0.868, 0.968, 0.698, 0.978, 0.708, 0.416, 0.882, 0.666]
auc_scores_per_class: [0.8502172632199145, 0.669552415547839, 0.6711417673959658, 0.8155575885978428, 0.658790650406504, 0.6841657552558026, 0.8248041584303389, 0.7728202268079569, 0.785057731065529, 0.690540846345327, 0.8384809634809635, 0.5352822580645161, 0.5133333333333333, 0.7582519758251975]
auprc_scores_per_class: [0.41195419666124006, 0.6281903008785853, 0.409749811744903, 0.8268928034900934, 0.02266146136349499, 0.2444093967943578, 0.23966434316320923, 0.08290786733985014, 0.5912172730087087, 0.04694337601477874, 0.5690233009748146, 0.00812739300950465, 0.009864557179589426, 0.8021775382277967]
f1_scores_per_class: [0.518072284476702, 0.7028753945447541, 0.5318681274334983, 0.7832167782463691, 0.06779660782533764, 0.36666666281866667, 0.32653060807788425, 0.1999999950500001, 0.6271604891259259, 0.15384614958579892, 0.5602409595529105, 0.02666666640355556, 0.032786883740929924, 0.7212019984215207]
recall_scores_per_class: [0.6935483870967742, 0.8695652173913043, 0.8013245033112583, 0.8484848484848485, 0.25, 0.7051282051282052, 0.5517241379310345, 0.18181818181818182, 0.8300653594771242, 0.1111111111111111, 0.8942307692307693, 1.0, 0.2, 0.8275862068965517]
precision_scores_per_class: [0.41346153846153844, 0.5898123324396782, 0.3980263157894737, 0.7272727272727273, 0.0392156862745098, 0.24774774774774774, 0.2318840579710145, 0.2222222222222222, 0.503968253968254, 0.25, 0.40789473684210525, 0.013513513513513514, 0.017857142857142856, 0.6390532544378699]
