mean_accuracy: 0.6384397292847998
mean_auc: 0.5190254594412479
mean_f1: 0.07687061770188365
mean_auprc: 0.04520423574208853
mean_recall: 0.48328898519972485
mean_precision: 0.04745555262696392
accuracies_per_class: [0.3653008962868118, 0.8234314980793854, 0.02906530089628681, 0.9313700384122919, 0.0471190781049936, 0.6599231754161332, 0.0969270166453265, 0.9241997439180538, 0.6851472471190782, 0.9887323943661972, 0.8880921895006402, 0.9154929577464789, 0.6846350832266325, 0.898719590268886]
auc_scores_per_class: [0.5390889829253352, 0.4878507431365199, 0.44650704816510745, 0.5040746012261282, 0.4504985127568174, 0.5594725273229622, 0.460504266526269, 0.5007062907440912, 0.49268411697353187, 0.44413571336925844, 0.6290083440308086, 0.5597967635882328, 0.6311643396951454, 0.5608641817172623]
auprc_scores_per_class: [0.36278335140148155, 0.04444926007047833, 0.018712587148545175, 0.020068578465797918, 0.04252855484633925, 0.01084902165569899, 0.09029329392972946, 0.010597618620517472, 0.025408907821358087, 0.002170766308581499, 0.003442435275365181, 0.0005686198343711079, 0.00048489991765828747, 0.0005014050933171881]
f1_scores_per_class: [0.4984316464466463, 0.08856575994357793, 0.042429599279218695, 0.04626334131583979, 0.08955223795054579, 0.02567864949463578, 0.17672463945346165, 0.02950819463929066, 0.04057744720766382, 0.02222221929876582, 0.009070294341349563, 0.0030211479460300686, 0.0016214024888824338, 0.0025220680204627844]
recall_scores_per_class: [0.9531733746130031, 0.20059880239520958, 0.9940828402366864, 0.08783783783783784, 1.0, 0.4605263157894737, 1.0, 0.125, 0.348993288590604, 0.0625, 0.2, 0.3333333333333333, 0.6666666666666666, 0.3333333333333333]
precision_scores_per_class: [0.33744348540896013, 0.056827820186598814, 0.02167741935483871, 0.03140096618357488, 0.046875, 0.013207547169811321, 0.0969270166453265, 0.016728624535315983, 0.021541010770505385, 0.013513513513513514, 0.004640371229698376, 0.0015174506828528073, 0.0008116883116883117, 0.0012658227848101266]
