mean_accuracy: 0.49562740076824585
mean_auc: 0.48646861938790226
mean_f1: 0.01620030990760604
mean_auprc: 0.11413493805150712
mean_recall: 0.6258669894092433
mean_precision: 0.00987370139736826
accuracies_per_class: [0.9340588988476313, 0.9887323943661972, 0.9425096030729834, 0.23469910371318822, 0.9623559539052496, 0.9049935979513444, 0.021254801536491678, 0.3612035851472471, 0.0, 0.0, 0.845966709346991, 0.7887323943661971, 0.9078104993597952, 0.16965428937259924, 0.9841229193341869, 0.9299615877080666, 0.5193341869398207, 0.8359795134443022, 0.0, 0.03790012804097311, 0.9367477592829706, 0.0, 0.46530089628681176, 0.9816901408450704, 0.0, 0.9956466069142126, 0.9564660691421255, 0.2560819462227913, 0.048399487836107556, 0.21549295774647886, 0.2640204865556978, 0.9254801536491677, 0.0, 0.9153649167733675, 0.4910371318822023, 0.20268886043533932, 0.02291933418693982, 0.995134443021767, 0.9647887323943662, 0.0, 0.1, 0.0, 0.9764404609475033, 0.2946222791293214, 0.9907810499359795, 0.926504481434059, 0.9047375160051216, 0.0, 0.4039692701664533, 0.2560819462227913, 0.029321382842509604, 0.7910371318822023, 0.9517285531370039, 0.28169014084507044, 0.0, 0.8600512163892445, 0.0, 0.0, 0.0, 0.9641485275288092]
auc_scores_per_class: [0.4806059814548779, 0.4679951853548555, 0.4695496687191253, 0.4950120960536625, 0.5106617647058823, 0.5060410554220399, 0.46428874916884877, 0.36150595466769114, nan, nan, 0.5722028212871384, 0.7894736842105263, 0.9266457479508197, 0.1699961582789089, 0.543540731237973, 0.48011680838271925, 0.5194647201946472, 0.48796655877486816, nan, 0.46066368407365715, 0.4026091142490372, nan, 0.47909838582699144, 0.4664301525812317, nan, 0.5959513132607304, 0.7689277478862413, 0.2594774590163934, 0.3993520155866521, 0.2156486105775387, 0.5047752138634946, 0.45354774430519096, nan, 0.5056903996325218, 0.49167627096939426, 0.4754307442604711, 0.45002890983289523, 0.43978597082753057, 0.45974775212965024, nan, 0.4689349298682985, nan, 0.6573134228922486, 0.2953643232168011, 0.4484466087607988, 0.32771794871794874, 0.5253491859468723, nan, 0.4047893456268408, 0.4156043235227014, 0.3845099961429673, 0.5007548252202203, 0.4300211707264359, 0.48938025957802395, nan, 0.8746424149267751, nan, nan, nan, 0.567287181340265]
auprc_scores_per_class: [0.01929359338613141, 0.0056448213929229645, 0.0050067041833282725, 0.01918202883638321, 0.02184030952586282, 0.006959280511703976, 0.01690969802862072, 0.0001002004008016032, 0.5, 0.5, 0.00926714046587922, 0.0003028467595396729, 0.0016194138943687552, 7.70891150169596e-05, 0.0026434905458758177, 0.005800065432997018, 0.00013315579227696404, 0.00494397760379457, 0.5, 0.032393860052123274, 0.0020822487832589127, 0.5, 0.002714500525046644, 0.0033021242715468215, 0.5, 0.003938963651886062, 0.0013430015522124133, 0.0001724830541750574, 0.005101045862329455, 8.159268929503917e-05, 0.0033947948982687376, 0.010899419717463443, 0.5, 0.00442671986707298, 0.00012575452716297788, 0.06957522935813071, 0.015731546760921297, 0.0028366319223744533, 0.0024910542947349868, 0.5, 0.014459070962572273, 0.5, 0.005808949151882573, 9.074410163339382e-05, 0.005197914415506042, 0.0009013966652522132, 0.004202250859997093, 0.5, 0.00010738831615120275, 0.0017844968166625275, 0.002998150970673451, 0.0021153621300462285, 0.008890179463162238, 0.01716885280413113, 0.5, 0.001468840989483787, 0.5, 0.5, 0.5, 0.0025678977797660768]
f1_scores_per_class: [0.04452689760409784, 0.02222221723209988, 0.013186811439778035, 0.04014774322052447, 0.045454540462135824, 0.018518517260330145, 0.03752203438377082, 0.00040072129433059656, 0.0, 0.0, 0.024330899332087548, 0.0012106537409274257, 0.005524861823357041, 0.00030830892246078053, 0.01587301377551048, 0.017953319789459573, 0.0005324813578288937, 0.01233615975784225, 0.0, 0.07188735108562157, 0.008032127743100992, 0.0, 0.00713266750891951, 0.013793100505113587, 0.0, 0.05555555316358035, 0.005847952985192034, 0.0006879944891664535, 0.013538624760745537, 0.0003263175036716044, 0.008281573402813202, 0.02675585010234813, 0.0, 0.011958145495697875, 0.0005028916218267612, 0.14920070896300108, 0.0334388850416896, 0.049999995450000424, 0.014336916293470135, 0.0, 0.032484514461435514, 0.0, 0.021276593284857686, 0.0003629105389228143, 0.027027022205990632, 0.0034722218810281976, 0.013262598705401474, 0.0, 0.0004294610221181651, 0.00479616300806954, 0.008371484547113, 0.006090133778026863, 0.02583979003238361, 0.03773584859112887, 0.0, 0.005459508589775967, 0.0, 0.0, 0.0, 0.01408450629760964]
recall_scores_per_class: [0.0784313725490196, 0.023255813953488372, 0.06818181818181818, 0.8223684210526315, 0.04375, 0.13725490196078433, 1.0, 1.0, 1.0, 1.0, 0.2542372881355932, 1.0, 1.0, 1.0, 0.06666666666666667, 0.10416666666666667, 1.0, 0.1951219512195122, 1.0, 1.0, 0.1, 1.0, 0.6521739130434783, 0.038461538461538464, 1.0, 0.2, 0.25, 1.0, 0.9622641509433962, 1.0, 0.8571428571428571, 0.08163265306122448, 1.0, 0.11428571428571428, 1.0, 0.9024793388429752, 1.0, 0.07142857142857142, 0.10526315789473684, 1.0, 0.9516129032258065, 1.0, 0.07407407407407407, 1.0, 0.022727272727272728, 0.1, 0.16666666666666666, 1.0, 1.0, 0.7777777777777778, 1.0, 0.29411764705882354, 0.06329113924050633, 0.7913669064748201, 1.0, 1.0, 1.0, 1.0, 1.0, 0.18181818181818182]
precision_scores_per_class: [0.031088082901554404, 0.02127659574468085, 0.0072992700729927005, 0.0205761316872428, 0.0472972972972973, 0.009929078014184398, 0.019119722828179135, 0.0002004008016032064, 0.0, 0.0, 0.012776831345826235, 0.0006056935190793458, 0.002770083102493075, 0.0001541782300339192, 0.009009009009009009, 0.009823182711198428, 0.0002663115845539281, 0.006369426751592357, 0.0, 0.03728379244074311, 0.0041841004184100415, 0.0, 0.0035859431030360986, 0.008403361344537815, 0.0, 0.03225806451612903, 0.0029585798816568047, 0.00034411562284927734, 0.006817270418393263, 0.00016318537859007833, 0.004160887656033287, 0.016, 0.0, 0.006309148264984227, 0.00025150905432595576, 0.08132260947274352, 0.017003735669200052, 0.038461538461538464, 0.007692307692307693, 0.0, 0.01652429631704243, 0.0, 0.012422360248447204, 0.00018148820326678765, 0.03333333333333333, 0.0017667844522968198, 0.006906077348066298, 0.0, 0.0002147766323024055, 0.0024054982817869417, 0.004203336398266123, 0.003076923076923077, 0.016233766233766232, 0.01932876471621859, 0.0, 0.002737226277372263, 0.0, 0.0, 0.0, 0.007326007326007326]
