mean_accuracy: 0.424357332808037
mean_auc: 0.46534919916732764
mean_f1: 0.011479429342246345
mean_auprc: 0.1580870797670472
mean_recall: 0.6906854208047921
mean_precision: 0.007845212273774872
accuracies_per_class: [0.9320102432778489, 0.6044814340588989, 0.9490396927016646, 0.9567221510883482, 0.9249679897567221, 0.9916773367477593, 0.953393085787452, 0.9256081946222792, 0.8477592829705506, 0.020102432778489117, 0.9906530089628681, 0.9841229193341869, 0.8772087067861716, 0.10102432778489116, 0.6741357234314981, 0.3213828425096031, 0.9270166453265045, 0.027400768245838668, 0.28975672215108833, 0.0, 0.0, 0.0, 0.0, 0.0, 0.0, 0.0, 0.0, 0.0, 0.0, 0.0, 0.2032010243277849, 0.37144686299615876, 0.807426376440461, 0.5984635083226633, 0.23149807938540332, 0.4058898847631242, 0.15441741357234315, 0.47912932138284253, 0.0]
auc_scores_per_class: [0.4418488084807439, 0.4698678655685688, 0.4680425163299229, 0.43349886778365576, 0.7550922367409685, 0.5154651394189123, 0.4915069444444444, 0.452528923913964, 0.5821709172572593, 0.4502923976608187, 0.4842281447148191, 0.4793041940074314, 0.4929095084979329, 0.43751607096940087, 0.5127235785450486, 0.48662673302890735, 0.450455653959697, 0.4171217232882776, 0.48653715534016223, nan, nan, nan, nan, nan, nan, nan, nan, nan, nan, nan, 0.20412344730439236, 0.3716865155589704, 0.808426174926367, 0.5988602894096555, 0.23274426943270587, 0.4065821488026636, 0.15475733128441538, 0.47951082084773977, nan]
auprc_scores_per_class: [0.016166603487973413, 0.017126591227629065, 0.005050156826220016, 0.008798092595986488, 0.001462290560512769, 0.006059266967710506, 0.0210660728333078, 0.011066101067874099, 0.009318426117548498, 0.017000405134587334, 0.005786027381459902, 0.003616491812246918, 0.004371441246985774, 0.003280195973107655, 0.0063358335754244936, 0.016825000095221677, 0.002451698906090996, 0.005295311362558301, 0.003256715063363448, 0.5, 0.5, 0.5, 0.5, 0.5, 0.5, 0.5, 0.5, 0.5, 0.5, 0.5, 8.033419023136246e-05, 0.00010183299389002037, 0.0003322259136212625, 0.0001593879502709595, 8.329168748958855e-05, 0.00010773540185304891, 7.57002271006813e-05, 0.0001228803145736053, 0.5]
f1_scores_per_class: [0.039782998173893185, 0.03799439338470288, 0.014851483207528928, 0.02312138375939778, 0.006779660882275209, 0.029850741759858107, 0.04712041397988045, 0.03005008073567267, 0.024610335420108636, 0.03844704070848398, 0.026666661774223117, 0.01587301259763232, 0.0123583927139359, 0.009033168576272494, 0.01699497839235164, 0.03776325295754469, 0.010416666028706155, 0.013506493369778714, 0.008224566322689702, 0.0, 0.0, 0.0, 0.0, 0.0, 0.0, 0.0, 0.0, 0.0, 0.0, 0.0, 0.00032128513734991376, 0.00040724902871188616, 0.0013280212350685794, 0.000637348623328991, 0.00033311125583000196, 0.00043084876777344005, 0.00030275506812034935, 0.0004914004864876939, 0.0]
recall_scores_per_class: [0.08333333333333333, 0.40939597315436244, 0.06818181818181818, 0.05063291139240506, 0.5, 0.022727272727272728, 0.05625, 0.09183673469387756, 0.2542372881355932, 1.0, 0.023255813953488372, 0.038461538461538464, 0.17142857142857143, 1.0, 0.4583333333333333, 0.7482014388489209, 0.15789473684210525, 0.9811320754716981, 0.8214285714285714, 1.0, 1.0, 1.0, 1.0, 1.0, 1.0, 1.0, 1.0, 1.0, 1.0, 1.0, 1.0, 1.0, 1.0, 1.0, 1.0, 1.0, 1.0, 1.0, 1.0]
precision_scores_per_class: [0.026128266033254157, 0.019921619856303068, 0.008333333333333333, 0.0149812734082397, 0.0034129692832764505, 0.043478260869565216, 0.04054054054054054, 0.017964071856287425, 0.01293103448275862, 0.01960030745580323, 0.03125, 0.01, 0.00641025641025641, 0.004537076421380973, 0.008658008658008658, 0.01937046004842615, 0.005385996409335727, 0.006800052308094677, 0.004132973944294699, 0.0, 0.0, 0.0, 0.0, 0.0, 0.0, 0.0, 0.0, 0.0, 0.0, 0.0, 0.00016066838046272492, 0.00020366598778004074, 0.000664451827242525, 0.000318775900541919, 0.0001665833749791771, 0.00021547080370609782, 0.0001514004542013626, 0.0002457606291472106, 0.0]
