mean_accuracy: 0.6246666666666666
mean_auc: 0.6477516585269454
mean_f1: 0.36171381595478364
mean_auprc: 0.28174437781644723
mean_recall: 0.7563888888888889
mean_precision: 0.29504687733503654
accuracies_per_class: [0.0, 0.73, 0.89, 0.65, 0.58, 0.72, 0.82, 0.19, 0.76, 0.93, 0.46, 0.73, 0.3, 0.94, 0.67]
auc_scores_per_class: [nan, 0.7960784313725491, 0.87125, 0.6913377192982456, 0.47926267281105994, 0.7551020408163266, 0.8560267857142857, 0.30344379467186483, 0.5700757575757576, 0.6210526315789473, 0.5400425230333097, 0.6992857142857143, 0.45663265306122447, 0.9442934782608696, 0.4846390168970814]
auprc_scores_per_class: [0.5, 0.2851056147304219, 0.5985104500114158, 0.40619085363437396, 0.06590625220605897, 0.037192118226600984, 0.5047597165701307, 0.13009170598264602, 0.14127315885120728, 0.11282122168196923, 0.16335353073420655, 0.5306766548416504, 0.01703117144293615, 0.668105958781362, 0.06514725955172784]
f1_scores_per_class: [0.0, 0.5263157855955679, 0.6857142808163266, 0.4927536186515438, 0.15999999759200004, 0.12499999882812501, 0.5499999952000001, 0.31932772840901075, 0.33333332888888895, 0.36363635867768596, 0.38636363324638434, 0.6086956472589792, 0.05405405352812273, 0.6666666617283951, 0.15384615090072323]
recall_scores_per_class: [1.0, 1.0, 0.6, 0.7083333333333334, 0.5714285714285714, 1.0, 0.6875, 1.0, 0.5, 0.4, 1.0, 0.7, 1.0, 0.75, 0.42857142857142855]
precision_scores_per_class: [0.0, 0.35714285714285715, 0.8, 0.37777777777777777, 0.09302325581395349, 0.06666666666666667, 0.4583333333333333, 0.19, 0.25, 0.3333333333333333, 0.23943661971830985, 0.5384615384615384, 0.027777777777777776, 0.6, 0.09375]
