mean_accuracy: 0.7647731416367142
mean_auc: 0.6809053272069817
mean_f1: 0.26388622450927884
mean_auprc: 0.2047688667380152
mean_recall: 0.4532785245898048
mean_precision: 0.20792981411101782
accuracies_per_class: [0.945186747929364, 0.8520081262697297, 0.8462650414127207, 0.9304578840443819, 0.7550398499765588, 0.7592201906547899, 0.9462025316455697, 0.6542428504453821, 0.07317549617127676, 0.8666197843413034, 0.7444913267698078, 0.4323722456633849, 0.9143225503984997, 0.995116424441319, 0.7568760743866229]
auc_scores_per_class: [0.6686356416402506, 0.7830025842793871, 0.8244570157163716, 0.7670929877281916, 0.7203490766956697, 0.5827307929265978, 0.8191154329217638, 0.7133062082811261, 0.446786731200732, 0.6027667517514181, 0.7353795689750529, 0.614617601225492, 0.6821435548403321, 0.5786116707538311, 0.6745842891685065]
auprc_scores_per_class: [0.04096597516058045, 0.11053279405108146, 0.3565544079661698, 0.19015874297322055, 0.28508734020614607, 0.09128707361903765, 0.30966023235815593, 0.645590935443982, 0.058747639782294005, 0.07801756149319311, 0.38704842577539844, 0.32952182049254275, 0.051492602173655644, 0.005113636345713981, 0.1317538132290558]
f1_scores_per_class: [0.10465857926938399, 0.18115001841746656, 0.45156793958148334, 0.2698933502848965, 0.35213886718734644, 0.15028263819158386, 0.3855421636777105, 0.5976541139841545, 0.12818345401807307, 0.13350253395221356, 0.46092976777185607, 0.403742763098518, 0.10453245872418, 0.031007747493540686, 0.20350697198677548]
recall_scores_per_class: [0.18850574712643678, 0.45297297297297295, 0.6078799249530957, 0.3077642656688494, 0.5196706312900274, 0.33579790511398644, 0.39524245196706315, 0.6665652570733192, 0.9977116704805492, 0.23009623797025372, 0.6002576212966939, 0.8048102094240838, 0.23063063063063063, 0.023255813953488372, 0.4380165289256198]
precision_scores_per_class: [0.07243816254416961, 0.11321264523101865, 0.35920177383592017, 0.24032140248356465, 0.26629160806375995, 0.09680284191829484, 0.37630662020905925, 0.5416563658838072, 0.06849153673958293, 0.0940293171254916, 0.3740968691463741, 0.26946042180224594, 0.0675818373812038, 0.046511627906976744, 0.13254418139379792]
