mean_accuracy: 0.6813173933427097
mean_auc: 0.6515437844066525
mean_f1: 0.22025687776976027
mean_auprc: 0.164065802951294
mean_recall: 0.49902961082654534
mean_precision: 0.16185769844380996
accuracies_per_class: [0.9075246132208158, 0.8576730739177997, 0.7982887951242381, 0.9243241131426786, 0.7180809501484607, 0.31856540084388185, 0.9139709329582747, 0.6448663853727145, 0.5249257696515081, 0.6476011876855758, 0.5013674011564307, 0.5302000312548836, 0.8384122519143616, 0.33763087982497264, 0.7563291139240507]
auc_scores_per_class: [0.6729062538402114, 0.7081790087278313, 0.7503276286155145, 0.7392072034701989, 0.7057081920722483, 0.5208894638836734, 0.7473597441006439, 0.6914755295622177, 0.5629502438018972, 0.6025260163953354, 0.5986631296611423, 0.6464684978465348, 0.6533224970507827, 0.507938291413308, 0.6652350656582453]
auprc_scores_per_class: [0.03286989580788874, 0.0723211491357291, 0.2507830966653746, 0.15530342044675727, 0.24843881171826726, 0.06289716669631727, 0.15278504603951232, 0.6058076519754896, 0.09162022201674128, 0.060468089067786855, 0.22840589318833016, 0.33316783964070634, 0.040417621461602896, 0.0031452539803664883, 0.12255588642854029]
f1_scores_per_class: [0.07358121048188397, 0.1257499365506772, 0.33526457641151114, 0.211640206724495, 0.32611131439128543, 0.12833583059334397, 0.2039045505343813, 0.5805260679522644, 0.14293769166529227, 0.11115490537197394, 0.34410812113367517, 0.4355784986072911, 0.07554760623087976, 0.007493267667056516, 0.20191938223039269]
recall_scores_per_class: [0.2160919540229885, 0.28324324324324324, 0.48855534709193243, 0.2432179607109448, 0.5324794144556267, 0.7911275415896488, 0.25800548947849955, 0.6378663421559679, 0.580091533180778, 0.49343832020997375, 0.7187634177758695, 0.7591623036649214, 0.3045045045045045, 0.7441860465116279, 0.43471074380165287]
precision_scores_per_class: [0.04433962264150943, 0.08081431215299198, 0.25519404155233244, 0.1873198847262248, 0.23502490240947638, 0.06983194648392886, 0.16855947399880455, 0.5326445931069523, 0.0815112540192926, 0.0626318711826763, 0.2262009323694345, 0.3054038043835977, 0.0431232457259505, 0.0037655919039774064, 0.1315]
