mean_accuracy: 0.8164583007761628
mean_auc: 0.6871837422048227
mean_f1: 0.25214103256943826
mean_auprc: 0.20094308586047926
mean_recall: 0.37980222515584716
mean_precision: 0.20778818937449048
accuracies_per_class: [0.9637834036568214, 0.8414596030629786, 0.8456399437412095, 0.9275668073136427, 0.7384747616815127, 0.8382950461009533, 0.9460853258321613, 0.6577980934521019, 0.8322394124081888, 0.8521644006876075, 0.7548054383497421, 0.6178309110798562, 0.9176433817784029, 0.8164556962025317, 0.6966322862947335]
auc_scores_per_class: [0.6992358635673619, 0.7436348179885126, 0.7810320675706866, 0.8252543740288428, 0.702919313537643, 0.6233098572924731, 0.7408303421516546, 0.7003484565102203, 0.6022601212139124, 0.6591086104831098, 0.7726272276353245, 0.6350163194380999, 0.6455042199261678, 0.6317271840500305, 0.5449473576783003]
auprc_scores_per_class: [0.05217288624790707, 0.09021362464367635, 0.32309952351214327, 0.22601718232332332, 0.2680572811081481, 0.11517768891902244, 0.18048531881948965, 0.6337659123467783, 0.11420294683436066, 0.08200464990844142, 0.4483695662352253, 0.34481124706223354, 0.045853649030314636, 0.0049959669094036, 0.0849188440067214]
f1_scores_per_class: [0.10607521210170673, 0.15809128320545882, 0.3942970977274179, 0.3030075139895444, 0.32533762911638076, 0.17631840358688478, 0.2483660082535979, 0.5877147514389691, 0.1720015381457124, 0.14889788192014486, 0.4882583123143492, 0.4221408271441283, 0.09216192573346302, 0.01302520972921758, 0.14642189413459858]
recall_scores_per_class: [0.12643678160919541, 0.4118918918918919, 0.4825515947467167, 0.37698783910196443, 0.4922232387923147, 0.2729513247073321, 0.20860018298261665, 0.633100091268634, 0.2551487414187643, 0.289588801399825, 0.6427651352511807, 0.5845876963350786, 0.1927927927927928, 0.36046511627906974, 0.3669421487603306]
precision_scores_per_class: [0.09136212624584718, 0.09781771501925546, 0.3333333333333333, 0.2532998114393463, 0.24296251693511967, 0.130217519106408, 0.30686406460296095, 0.5484012649332396, 0.12972658522396743, 0.10021192854980321, 0.3936366026820931, 0.3303439349112426, 0.06055461233729485, 0.006632434745400086, 0.09145839055204615]
