mean_accuracy: 0.5923008803458873
mean_auc: 0.6261904257341714
mean_f1: 0.2080049502426754
mean_auprc: 0.15454006038970325
mean_recall: 0.5683862131998875
mean_precision: 0.1476051472483567
accuracies_per_class: [0.8868573214564776, 0.8732614471011095, 0.7891076730739178, 0.8291920612595718, 0.3813877168307548, 0.21933114549148305, 0.8998280981403344, 0.6211908110642288, 0.0685263322394124, 0.8709954680418815, 0.6694796061884669, 0.5310595405532115, 0.15596186904203782, 0.945538365369589, 0.14279574933583372]
auc_scores_per_class: [0.6128397031165272, 0.706340872914583, 0.7453624107496648, 0.7229071888588599, 0.5563990326909892, 0.5069478836313569, 0.7357114887700329, 0.6769485263658659, 0.4219685918905164, 0.6470218065051605, 0.7349605303863651, 0.6083025122439032, 0.49053699680272106, 0.7021184122961355, 0.5244904287898886]
auprc_scores_per_class: [0.03150939720510315, 0.07530583605412211, 0.25038611534662875, 0.1046459198698927, 0.15478208478409594, 0.06467664933660332, 0.14930528136282595, 0.58367893855618, 0.05478927320208802, 0.07513683908417056, 0.3479906220160974, 0.3188681493159644, 0.02335923846908434, 0.006095617247620738, 0.07757094399507156]
f1_scores_per_class: [0.07060333521005716, 0.13400960653182234, 0.32927434944702594, 0.16501145587949115, 0.23867679318969628, 0.1212840795891265, 0.19975030761461768, 0.5744008378608132, 0.12788060455319897, 0.13424226114074675, 0.42752740128595684, 0.40185378556793827, 0.0439861929893182, 0.01692524568710582, 0.13464799709321562]
recall_scores_per_class: [0.25287356321839083, 0.27135135135135136, 0.4971857410881801, 0.40411599625818523, 0.7569380908813663, 0.8496611213801601, 0.292772186642269, 0.6635229692728932, 1.0, 0.22397200349956256, 0.6781880635465866, 0.6596858638743456, 0.8954954954954955, 0.13953488372093023, 0.9404958677685951]
precision_scores_per_class: [0.04102946661693398, 0.08897554058844381, 0.2461452721530745, 0.10367170626349892, 0.14167475312517838, 0.06530283657716532, 0.15158692562766463, 0.5063849547248664, 0.06830793278624463, 0.09584425308873082, 0.31215415019762843, 0.2889286993908993, 0.02254684026675135, 0.009009009009009009, 0.07251486830926084]
