mean_accuracy: 0.792840027087566
mean_auc: 0.693533879924058
mean_f1: 0.27269109317815404
mean_auprc: 0.21306420713022883
mean_recall: 0.4228770778767747
mean_precision: 0.2241977669361237
accuracies_per_class: [0.9350289107673074, 0.8964291295514925, 0.857790279731208, 0.9369823409907798, 0.7519143616190029, 0.8288795124238162, 0.9532739490545398, 0.6358024691358025, 0.20514924206907328, 0.8483747460540709, 0.7480856383809971, 0.6235739959368651, 0.931512736365057, 0.9958587279262385, 0.7439443663072355]
auc_scores_per_class: [0.725987308400567, 0.7645326441921635, 0.8105146256945237, 0.7652865746585835, 0.7198684094496168, 0.6073684147489915, 0.8513756871789585, 0.7162203113909332, 0.49494450263568585, 0.6472258689415755, 0.7220109732465365, 0.6525011821688033, 0.6865404520370376, 0.5533673525202155, 0.6852638915966782]
auprc_scores_per_class: [0.05339894925717713, 0.11146022937135334, 0.36070549736775087, 0.19111917097476624, 0.28594312703416547, 0.10827779012204794, 0.36873026109214097, 0.6400388350985784, 0.07471271957301587, 0.07800439951539183, 0.38298592405415766, 0.36353366011995547, 0.04450601234829501, 0.005343764445469036, 0.12720276657916707]
f1_scores_per_class: [0.10639440802449453, 0.19250684944028582, 0.45508981556349504, 0.28023203427874627, 0.34251397356441815, 0.1634835709705135, 0.45784224341382895, 0.597565182470095, 0.13014664875166831, 0.15280506065133648, 0.44404207141360663, 0.4367802607958138, 0.0977869233508043, 0.03636363295206644, 0.1968137220311374]
recall_scores_per_class: [0.22758620689655173, 0.34162162162162163, 0.5703564727954972, 0.293732460243218, 0.5044220799024093, 0.26370918052988296, 0.46203110704483075, 0.7018557955582598, 0.8707093821510298, 0.30621172353455817, 0.5528123658222414, 0.6112565445026178, 0.17117117117117117, 0.023255813953488372, 0.44242424242424244]
precision_scores_per_class: [0.0694249649368864, 0.13401187446988974, 0.37858032378580325, 0.26791808873720135, 0.25928828970058004, 0.11846111264876834, 0.4537286612758311, 0.520258588288356, 0.07032946721500855, 0.10180337405468295, 0.37103746397694526, 0.3397908140063665, 0.06844380403458213, 0.08333333333333333, 0.12655634357762016]
