mean_accuracy: 0.8177142857142857
mean_auc: 0.7563720649025562
mean_f1: 0.4841285305627596
mean_auprc: 0.40420873066423696
mean_recall: 0.597662540440048
mean_precision: 0.4599776884781234
accuracies_per_class: [0.928, 0.522, 0.678, 0.536, 0.982, 0.774, 0.918, 0.84, 0.758, 0.986, 0.822, 0.958, 0.988, 0.758]
auc_scores_per_class: [0.9218588893798793, 0.41471571906354515, 0.6785992144063455, 0.6960949537750385, 0.815040650406504, 0.7732865475756472, 0.8197159382092394, 0.771611823759063, 0.8340585033244806, 0.8904729576827336, 0.8360649766899766, 0.7389112903225806, 0.582020202020202, 0.8167572420205518]
auprc_scores_per_class: [0.7012018148656992, 0.44829223701464616, 0.4982593715261353, 0.7503376686708443, 0.1313726953873798, 0.4429879799594375, 0.24109192182503408, 0.05855109507097899, 0.6167890754802751, 0.2499063476556399, 0.6363812966400968, 0.017969721152071422, 0.04316558234761343, 0.8226154217034654]
f1_scores_per_class: [0.6896551674375743, 0.6757123428453391, 0.5194029801231456, 0.6939313938772356, 0.3076923029585799, 0.46445497164304483, 0.3880596965827579, 0.14893616814622002, 0.6824146933564801, 0.4615384572781066, 0.6180257461305237, 0.0869565188657846, 0.24999999531250006, 0.791018993321342]
recall_scores_per_class: [0.6451612903225806, 0.9841897233201581, 0.5761589403973509, 0.9962121212121212, 0.25, 0.6282051282051282, 0.4482758620689655, 0.6363636363636364, 0.8496732026143791, 0.3333333333333333, 0.6923076923076923, 0.25, 0.2, 0.8773946360153256]
precision_scores_per_class: [0.7407407407407407, 0.5144628099173554, 0.47282608695652173, 0.5323886639676113, 0.4, 0.3684210526315789, 0.34210526315789475, 0.08433734939759036, 0.5701754385964912, 0.75, 0.5581395348837209, 0.05263157894736842, 0.3333333333333333, 0.720125786163522]
