mean_accuracy: 0.7014455383653695
mean_auc: 0.6590420929394762
mean_f1: 0.23484534046776587
mean_auprc: 0.1744412948976696
mean_recall: 0.48520799976268286
mean_precision: 0.18709760172234988
accuracies_per_class: [0.9139709329582747, 0.8743162994217847, 0.7917643381778403, 0.9282309735896234, 0.7185107047976246, 0.4247538677918425, 0.797663697452727, 0.6035318018440381, 0.28590404750742304, 0.7810986091576809, 0.7416783872480075, 0.5984138146585404, 0.942491014220972, 0.9962494139709329, 0.12310517268323176]
auc_scores_per_class: [0.6021147488336036, 0.7714134441685007, 0.6624578523890458, 0.8198248370870032, 0.6944483356708705, 0.5300735225876286, 0.7102909033787487, 0.6762133180925702, 0.4884905843415621, 0.6556961863634057, 0.7049431829670219, 0.6816921485987697, 0.6553966449976993, 0.721592763439782, 0.5109829211759325]
auprc_scores_per_class: [0.029844572558324983, 0.09494726476650539, 0.20140254558159637, 0.22550910716874, 0.2471439624560146, 0.0663386706678119, 0.08922872582178243, 0.5930416512099903, 0.06255873638436493, 0.08375885953865704, 0.3858508634078686, 0.3689156926211812, 0.04362178327242726, 0.04918193994966588, 0.07527504806011286]
f1_scores_per_class: [0.07401177161121265, 0.15939377736386687, 0.27463254845278207, 0.3091387691671378, 0.3207315880732634, 0.12606837432733464, 0.161838482279787, 0.5732548311422389, 0.13234595879335836, 0.15426414808815053, 0.42842323170401453, 0.4627606709250684, 0.08457710990743603, 0.12727272386115715, 0.13396612131967955]
recall_scores_per_class: [0.20229885057471264, 0.32972972972972975, 0.37861163227016886, 0.3844714686623012, 0.5187557182067704, 0.6543438077634011, 0.45745654162854527, 0.6912077882567691, 0.7974828375286042, 0.44706911636045493, 0.5319879776728209, 0.7243128272251309, 0.12252252252252252, 0.08139534883720931, 0.9564738292011019]
precision_scores_per_class: [0.04529078744209985, 0.1050999310820124, 0.2154601751014307, 0.25849056603773585, 0.23212336244541484, 0.06975369458128079, 0.09830908375933936, 0.4896903513183418, 0.07216067915933326, 0.09321415541773076, 0.3586107091172214, 0.3399892481376238, 0.06457739791073125, 0.2916666666666667, 0.07202721765828562]
