mean_accuracy: 0.8155597228733655
mean_auc: 0.7098702396316748
mean_f1: 0.260544412435825
mean_auprc: 0.20495037515474468
mean_recall: 0.3988155144298768
mean_precision: 0.2046197872693631
accuracies_per_class: [0.9431551804969527, 0.8779106110329739, 0.8484138146585404, 0.9229567119862478, 0.7542584778871698, 0.7826222847319894, 0.9244413189560869, 0.6495546179090483, 0.8683388029379591, 0.814306922956712, 0.7582044069385842, 0.522737927801219, 0.9203000468823254, 0.9926551023597437, 0.653539615564932]
auc_scores_per_class: [0.6878927294430763, 0.7905352273760526, 0.7611360224731621, 0.7977160429107297, 0.7268194927226412, 0.6508412408609511, 0.7635666211718048, 0.7111823846219362, 0.6378707860500178, 0.6557861870750391, 0.7567944725561381, 0.6616955256481086, 0.6950375798105521, 0.7312829897988021, 0.6198962919561106]
auprc_scores_per_class: [0.04679691972831727, 0.10658885063525175, 0.31036929844215283, 0.18113819447722967, 0.2959380523816199, 0.11398795843940993, 0.2191714927680697, 0.6412526772412417, 0.1395292244479106, 0.08096939479730189, 0.4236298139522683, 0.3454127774236717, 0.04720346441687886, 0.023142583035054006, 0.099124925134792]
f1_scores_per_class: [0.1024059183434116, 0.17567923661671875, 0.36972059288079195, 0.24560060725454846, 0.3519472446502206, 0.1791088780337246, 0.2810408873688286, 0.594337911122089, 0.21003281279065023, 0.14957952796834367, 0.4751971460727841, 0.4458858709811138, 0.09734512903800233, 0.0599999950980004, 0.1702844283181459]
recall_scores_per_class: [0.19080459770114944, 0.36, 0.4270168855534709, 0.30028063610851263, 0.5208905154010369, 0.37399876771410967, 0.3458371454711802, 0.6663624378866241, 0.2562929061784897, 0.3657042869641295, 0.6015457277801631, 0.8041557591623036, 0.1981981981981982, 0.06976744186046512, 0.5013774104683195]
precision_scores_per_class: [0.0699831365935919, 0.11618981158408932, 0.32598109424233745, 0.20776699029126214, 0.26575385094134124, 0.11774975751697381, 0.2366938008766437, 0.5363643784180884, 0.17791898332009531, 0.09401709401709402, 0.39271198318149964, 0.3084598970754362, 0.06451612903225806, 0.05263157894736842, 0.10255832300236672]
