mean_accuracy: 0.6989425431056936
mean_auc: 0.6295393921072517
mean_f1: 0.21033925214967095
mean_auprc: 0.15613616118682977
mean_recall: 0.4599243730495992
mean_precision: 0.1475210373231524
accuracies_per_class: [0.9338568526332239, 0.8579074855446164, 0.7523441162681669, 0.9212767619940616, 0.6767463666197844, 0.08005157055789967, 0.8747851226754181, 0.5845835286763557, 0.467846538521644, 0.774222534771058, 0.4490154711673699, 0.48234099077980935, 0.8926785435224254, 0.9923816221284576, 0.7441006407251133]
auc_scores_per_class: [0.5948921588647272, 0.7565292218569346, 0.7449429616854478, 0.7064635208719601, 0.6222785073263629, 0.4928844138400823, 0.7346019844312807, 0.6920413319336425, 0.5900076077744864, 0.601602091379685, 0.6066339883180016, 0.6109432462573667, 0.522366885874733, 0.5499086085711942, 0.6169943526228719]
auprc_scores_per_class: [0.02745860707200603, 0.090564982488359, 0.22613144278975966, 0.11969634599919428, 0.1999713038010194, 0.061207444420180716, 0.12108657493867434, 0.6280749753456306, 0.0852854775319737, 0.06548120360378212, 0.25701089394248994, 0.3264519644727565, 0.025112446659418034, 0.004229342487407081, 0.1042794122497954]
f1_scores_per_class: [0.0641238216650305, 0.15516840545296848, 0.31889974878716176, 0.2000793917003305, 0.2756084707797713, 0.11983702648335595, 0.19167717129028314, 0.5794407261678091, 0.15192080000279395, 0.11514316048702541, 0.3296734601200376, 0.4025610925894098, 0.0498097513078257, 0.02010049760460714, 0.18104525780665445]
recall_scores_per_class: [0.13333333333333333, 0.36108108108108106, 0.5568480300187617, 0.23573433115060805, 0.4800243976822202, 0.9876771410967344, 0.34766697163769444, 0.7428252712706622, 0.6979405034324943, 0.3289588801399825, 0.7445255474452555, 0.7303664921465969, 0.12972972972972974, 0.023255813953488372, 0.39889807162534435]
precision_scores_per_class: [0.042212518195050945, 0.09881656804733728, 0.22342667871123156, 0.17379310344827587, 0.19329485447623726, 0.0637883008356546, 0.13231197771587744, 0.4749708209052004, 0.0852371969538182, 0.06978470675575353, 0.21170868689335207, 0.277853852856965, 0.030821917808219176, 0.017699115044247787, 0.1170952612000647]
