mean_accuracy: 0.6577433974058446
mean_auc: 0.6233264123011502
mean_f1: 0.22017962027568122
mean_auprc: 0.15558536834706116
mean_recall: 0.5070447461585922
mean_precision: 0.16197841677760078
accuracies_per_class: [0.956165025785279, 0.8831848726363495, 0.8568917018284107, 0.9090873573995937, 0.6472886388498202, 0.3090717299578059, 0.9036177527738709, 0.6246288482575403, 0.1466635411783091, 0.8136427566807314, 0.24480387560556338, 0.5746991717455853, 0.936474449132677, 0.4588607594936709, 0.6010704797624629]
auc_scores_per_class: [0.5756444360388067, 0.7803555985964482, 0.7889704761564242, 0.7865944149749176, 0.6617550574977047, 0.5425062041582568, 0.6859401124921538, 0.680890420699003, 0.48090284041492376, 0.6114553177683444, 0.46732134202592285, 0.6318225910762059, 0.6011739665866898, 0.5025698996289645, 0.5519935064024883]
auprc_scores_per_class: [0.024310007198581056, 0.09752667690838032, 0.3411571668676673, 0.17561505563445678, 0.20854151908060128, 0.07631715825482929, 0.10464661826301536, 0.5770219412595813, 0.06433501432282152, 0.06429777990016412, 0.1608615524543124, 0.3212010840313253, 0.03460651328639969, 0.003157165643247231, 0.0801852721005343]
f1_scores_per_class: [0.060301502905861316, 0.17036625589572607, 0.41326284950386083, 0.2529694978995664, 0.3016707882931171, 0.12584647175839317, 0.1892868833361107, 0.5802533808537472, 0.13007806147339054, 0.11960132557449708, 0.3094455530988233, 0.4284364127369372, 0.07085713852587783, 0.007736943784697812, 0.14258123849461155]
recall_scores_per_class: [0.08275862068965517, 0.3318918918918919, 0.48405253283302063, 0.3685687558465856, 0.5946935041171089, 0.7843499691928527, 0.26349496797804206, 0.6734611094209513, 0.9342105263157895, 0.28346456692913385, 0.9297981966509231, 0.6675392670157068, 0.11171171171171171, 0.627906976744186, 0.4677685950413223]
precision_scores_per_class: [0.04743083003952569, 0.11459499813363196, 0.3605366126327557, 0.19257086999022482, 0.2020934811897606, 0.06841143594153053, 0.1476923076923077, 0.5097091104459283, 0.06990582191780823, 0.07578947368421053, 0.18560898260049713, 0.31544765733725066, 0.05188284518828452, 0.0038924529661933252, 0.08410937190410145]
