mean_accuracy: 0.7836510913163514
mean_auc: 0.6950434034330241
mean_f1: 0.2631002624972056
mean_auprc: 0.20911896744514802
mean_recall: 0.4322431692828017
mean_precision: 0.21202050110965434
accuracies_per_class: [0.9646819815596187, 0.9045553992811377, 0.842631661197062, 0.928113767776215, 0.7145647757462104, 0.8169635880606345, 0.9358102828566963, 0.6669010782934833, 0.8302469135802469, 0.8163775589935928, 0.7727769964056884, 0.633497421472105, 0.9289732770745429, 0.878535708704485, 0.12013595874355368]
auc_scores_per_class: [0.6773421464618432, 0.7678695963200037, 0.7867964281129546, 0.8192519780133483, 0.7037413086434299, 0.6349334416293294, 0.7850142815382055, 0.7023704484388932, 0.6690568321912156, 0.6811777474161781, 0.7770831032313152, 0.6469391274932527, 0.6619507251351028, 0.6357563837254883, 0.47636750314480053]
auprc_scores_per_class: [0.04578194401530073, 0.10102618692494589, 0.3316706592123261, 0.22820580024525533, 0.2702522803687937, 0.12191626921261602, 0.22592834219158367, 0.6390508572265954, 0.15010563483520475, 0.08703412878280789, 0.4503233999726313, 0.36099624245237427, 0.04880737198792251, 0.005837629396151908, 0.06984776485271021]
f1_scores_per_class: [0.10317459826831797, 0.17438323328259686, 0.40677466386151134, 0.30827067188428126, 0.33033913420073935, 0.1785025384495347, 0.30762747080011843, 0.5882352891289391, 0.22341375799146856, 0.15589080133489674, 0.4966245407995062, 0.4328637883397874, 0.0900900860777446, 0.017072399091611058, 0.1332409639470299]
recall_scores_per_class: [0.11954022988505747, 0.2789189189189189, 0.5181988742964353, 0.38353601496725914, 0.5495577920097591, 0.31361675908810843, 0.33394327538883806, 0.6175844234864618, 0.35755148741418763, 0.37970253718285213, 0.615929583512237, 0.5857329842931938, 0.16216216216216217, 0.313953488372093, 0.9537190082644628]
precision_scores_per_class: [0.09075043630017451, 0.12684365781710916, 0.3347878787878788, 0.25769956002514144, 0.23614205215568077, 0.12475490196078431, 0.28515625, 0.5615491009681881, 0.16246425786327007, 0.09807909604519774, 0.416038283062645, 0.34327356410010545, 0.062370062370062374, 0.008774780630484237, 0.07162363455809334]
