mean_accuracy: 0.840540188571131
mean_auc: 0.7007463965343879
mean_f1: 0.27360814145643186
mean_auprc: 0.21264271975719692
mean_recall: 0.3723301341491529
mean_precision: 0.2273759804555169
accuracies_per_class: [0.9671433036411939, 0.8923659946866698, 0.8452101890920456, 0.9295983747460541, 0.7695733708391936, 0.8259102984841381, 0.9442100328176277, 0.6695186747929364, 0.8817393342709798, 0.810126582278481, 0.7569932802000312, 0.6503359899984372, 0.9158462259728083, 0.9928895139865604, 0.7566416627598063]
auc_scores_per_class: [0.7555455967020663, 0.7980562801056498, 0.7890584634235523, 0.7837556732404216, 0.7310967739061339, 0.6183704331163892, 0.77473247762966, 0.7105970866026005, 0.6431644191818973, 0.6263191025589147, 0.7768245242727501, 0.6509220572377282, 0.6774286566427455, 0.576529951774498, 0.5987944516208104]
auprc_scores_per_class: [0.05683181129956656, 0.1284099401099424, 0.341916932656546, 0.20761864420016232, 0.30116560729138747, 0.11046905421149217, 0.21985231709257394, 0.6340039148604301, 0.1446771701370675, 0.07228404924368256, 0.44648405301142036, 0.3621248429339777, 0.05090259483992315, 0.00642509805239658, 0.10647476641738514]
f1_scores_per_class: [0.12304483341636958, 0.21487602917547613, 0.43205274757194434, 0.29664324259986374, 0.3508694649005977, 0.15924527876983208, 0.31739961260091715, 0.5954760602449922, 0.23074967740022387, 0.13553895086937587, 0.49700792025968965, 0.4384489851071232, 0.10175145599208345, 0.04210525820277067, 0.16891260473521827]
recall_scores_per_class: [0.135632183908046, 0.40756756756756757, 0.5654784240150094, 0.35547240411599623, 0.48612381823726747, 0.26001232285890324, 0.3037511436413541, 0.631376128181726, 0.2597254004576659, 0.3333333333333333, 0.6597252039501932, 0.5716623036649214, 0.21981981981981982, 0.046511627906976744, 0.3487603305785124]
precision_scores_per_class: [0.11259541984732824, 0.14589783281733745, 0.3495708652284853, 0.25452109845947757, 0.274496297571896, 0.11476747348381833, 0.33233233233233234, 0.5634389140271493, 0.20759030635573844, 0.08506363027461487, 0.39867669953295276, 0.3555872175859963, 0.06619641888225719, 0.038461538461538464, 0.11144366197183099]
