mean_accuracy: 0.8158019482210762
mean_auc: 0.6816449395365453
mean_f1: 0.2450086533494701
mean_auprc: 0.1916855036297599
mean_recall: 0.3750844216166287
mean_precision: 0.19080521886066598
accuracies_per_class: [0.9413189560868885, 0.8738084075636818, 0.8409126426004063, 0.925496171276762, 0.7483591186122832, 0.8150492264416315, 0.9026410376621347, 0.6405297702766057, 0.7719174871073605, 0.8641193936552586, 0.7451945616502579, 0.6218549773402094, 0.8435693077043288, 0.9940225035161744, 0.7082356618221597]
auc_scores_per_class: [0.6607148355395849, 0.7892968985360862, 0.7854853081963894, 0.7878958195895147, 0.6997328056406672, 0.6118385031589373, 0.6370694792157011, 0.7069406633360367, 0.5206485324292602, 0.6853691222388556, 0.7597297113180581, 0.6471180818856873, 0.6673734354937183, 0.6839328854165717, 0.5815280110531094]
auprc_scores_per_class: [0.04983126655218391, 0.10676209515973376, 0.3178307845351319, 0.20702002209980586, 0.2572409515845625, 0.0971145077314438, 0.08417514846125687, 0.6420759716441886, 0.08579332938056104, 0.09601819952695187, 0.42783331095158217, 0.3558910684642109, 0.04105627735058535, 0.006634730317193452, 0.1000048906870066]
f1_scores_per_class: [0.10274790535289902, 0.17811704474664783, 0.3999410503436476, 0.28763540797819365, 0.3268889076070891, 0.15675097558321052, 0.16094275629116997, 0.5927860096858395, 0.13485476794546966, 0.15459406501974607, 0.4676787416142534, 0.4314831084666279, 0.0850091385529691, 0.02547770205201118, 0.17022221900227785]
recall_scores_per_class: [0.19770114942528735, 0.3783783783783784, 0.5091932457786116, 0.3601496725912067, 0.47697468740469656, 0.2711028958718423, 0.21866422689844464, 0.679140046648413, 0.2602974828375286, 0.2782152230971129, 0.6150708458565908, 0.6009489528795812, 0.33513513513513515, 0.023255813953488372, 0.42203856749311297]
precision_scores_per_class: [0.06941081517352704, 0.11647254575707154, 0.329289007522446, 0.23942786069651742, 0.24864864864864866, 0.11024805813079429, 0.12733084709643047, 0.525914873566829, 0.091, 0.10703466846179738, 0.37727153015538584, 0.3365710620361037, 0.048678356451190785, 0.028169014084507043, 0.10661099512874044]
