mean_accuracy: 0.809037870500599
mean_auc: 0.6898880594222582
mean_f1: 0.27143378076916075
mean_auprc: 0.21148567554703707
mean_recall: 0.39462046840927106
mean_precision: 0.2296535006182791
accuracies_per_class: [0.9660493827160493, 0.9002578527894983, 0.8473198937333959, 0.9408892014377247, 0.767424597593374, 0.7455852476949524, 0.9294421003281763, 0.6590482887951242, 0.8794342866072824, 0.8713470854821066, 0.7728942022190968, 0.6241600250039069, 0.9452648851383029, 0.9957415221128302, 0.29070948585716516]
auc_scores_per_class: [0.6859861115108357, 0.7358246195609902, 0.826917304650717, 0.8413854295392302, 0.7162428591553821, 0.5886378414163254, 0.7517480261486736, 0.7049186262934677, 0.610199107601384, 0.6789046704090218, 0.7481388292680007, 0.6656251956565784, 0.6846704377793392, 0.588217570856846, 0.5209042614870797]
auprc_scores_per_class: [0.05051828456757913, 0.1054618411251684, 0.3663026263358023, 0.27377070145265087, 0.2934755409510141, 0.11581167551859078, 0.13235218683042207, 0.6234938523451974, 0.15376871389879215, 0.09355117477340369, 0.4397366916808566, 0.3686985335432487, 0.05646020328774204, 0.024519191962221822, 0.07436391493286557]
f1_scores_per_class: [0.1105424720302895, 0.17830704441832146, 0.4541899394607007, 0.361872622631584, 0.351171657532126, 0.15053482577775099, 0.20997374829040794, 0.5929760689092902, 0.20871794377160302, 0.15887611336246985, 0.4879767413954402, 0.4439949093134762, 0.10934519568747747, 0.11382113400489144, 0.1392062949515822]
recall_scores_per_class: [0.12413793103448276, 0.29945945945945945, 0.6101313320825515, 0.40130963517305895, 0.49130832570905764, 0.3555144793592113, 0.21957913998170173, 0.6446607849102525, 0.232837528604119, 0.27209098862642167, 0.5946758265349935, 0.6284358638743456, 0.15495495495495495, 0.08139534883720931, 0.8088154269972452]
precision_scores_per_class: [0.0996309963099631, 0.12694775435380384, 0.36173526140155726, 0.3294930875576037, 0.27323609226594303, 0.09548237630316068, 0.20117351215423301, 0.5489637305699482, 0.18912639405204462, 0.11219336219336219, 0.41374159820761763, 0.34325290437890976, 0.08447937131630648, 0.1891891891891892, 0.07615687902054367]
