mean_accuracy: 0.7863572433192686
mean_auc: 0.6884986569653085
mean_f1: 0.2571167348548676
mean_auprc: 0.20601082316783345
mean_recall: 0.41731123444970597
mean_precision: 0.20228530868914527
accuracies_per_class: [0.9625722769182685, 0.9100640725113299, 0.8314189717143303, 0.9219799968745116, 0.7107360525082044, 0.8061806532270668, 0.9363963119237381, 0.6118143459915611, 0.8802156586966714, 0.8380215658696671, 0.7594546022816066, 0.5720034380371933, 0.929949992186279, 0.9227613689639006, 0.20178934208470073]
auc_scores_per_class: [0.6696181419246261, 0.7554122741768154, 0.8061653841531118, 0.822937441310073, 0.6964106275208332, 0.6370377164143303, 0.8000161415714768, 0.6938577978418607, 0.6333251443927482, 0.6602337535477472, 0.7701956431429504, 0.6509410434833898, 0.6294825315311717, 0.5694337833772437, 0.5324124300912493]
auprc_scores_per_class: [0.03929418143272366, 0.1070864265993478, 0.3456429206265083, 0.22000914156267978, 0.2639767535498341, 0.1195105622462817, 0.23142883767462272, 0.6345405522079568, 0.13091765299953453, 0.07836516816327752, 0.44471683932492245, 0.35375431324399087, 0.03800886904470664, 0.004340470174398691, 0.07856965866671631]
f1_scores_per_class: [0.09108158908027275, 0.1842664732685904, 0.41507387365528664, 0.29509353571743646, 0.3212321190074881, 0.1806771224179479, 0.29340277279089283, 0.5816421004069787, 0.201562495040126, 0.1451546355726637, 0.49111496344373223, 0.4336452420196138, 0.07338500882879657, 0.012980528384348143, 0.13643856318883954]
recall_scores_per_class: [0.1103448275862069, 0.2810810810810811, 0.574484052532833, 0.3910196445275959, 0.5343092406221409, 0.337030191004313, 0.3092406221408966, 0.7004360612513943, 0.221395881006865, 0.3079615048118985, 0.6378273937312151, 0.6861910994764397, 0.12792792792792793, 0.1511627906976744, 0.8892561983471075]
precision_scores_per_class: [0.07754442649434572, 0.1370585134422773, 0.32491511035653653, 0.23696145124716553, 0.22965001966181675, 0.12342057761732853, 0.2791081750619323, 0.4973000215998272, 0.1849904397705545, 0.09495548961424333, 0.39927429108990725, 0.3169828433225002, 0.05144927536231884, 0.006781429316640584, 0.07388756637978393]
