mean_accuracy: 0.7097645465437308
mean_auc: 0.6524640662177712
mean_f1: 0.22032139488287952
mean_auprc: 0.16087109379978434
mean_recall: 0.469685040361525
mean_precision: 0.15956776913385287
accuracies_per_class: [0.9114314736677606, 0.8647054227223003, 0.7208157524613221, 0.906938584153774, 0.7244100640725113, 0.431942491014221, 0.5759493670886076, 0.6157602750429755, 0.14267854352242537, 0.8178230973589623, 0.7117518362244101, 0.6235349273323957, 0.9229176433817784, 0.9883966244725738, 0.6874120956399438]
auc_scores_per_class: [0.6205285775696469, 0.7960059025423218, 0.6940954112848374, 0.6873844532378609, 0.658779379596524, 0.5268544179361363, 0.5985959707904392, 0.6946870911452474, 0.4658545885958132, 0.6605748117006578, 0.7496235435285619, 0.6638119336203904, 0.6761891039236194, 0.6288151933122441, 0.6651606144822655]
auprc_scores_per_class: [0.02581951535659901, 0.11136581138800357, 0.17691718360549302, 0.10657031698770916, 0.226880615483676, 0.06502473882876218, 0.05440070926100256, 0.6129349715492323, 0.06047283211035851, 0.07720006160425111, 0.3734699344513725, 0.36390202754400613, 0.04435867666650965, 0.006891835012854888, 0.1068571771469344]
f1_scores_per_class: [0.05423445677048351, 0.18842277607462599, 0.2705185750510673, 0.1797520614635865, 0.29978161165035977, 0.12683161005907634, 0.10415978706768066, 0.5810793493895279, 0.1283762300392165, 0.14550118781897722, 0.4449292762177739, 0.4481099610853953, 0.09702516783498906, 0.04501607316921903, 0.1910827995512138]
recall_scores_per_class: [0.14942528735632185, 0.4345945945945946, 0.4971857410881801, 0.2441534144059869, 0.4605062519060689, 0.6506469500924215, 0.5773101555352241, 0.6917148362235067, 0.9244851258581236, 0.347331583552056, 0.6348218119364534, 0.6400523560209425, 0.19099099099099098, 0.08139534883720931, 0.5206611570247934]
precision_scores_per_class: [0.033129459734964326, 0.12028725314183124, 0.1858084420137428, 0.1422343324250681, 0.2222222222222222, 0.07026415596513408, 0.05724394447972421, 0.500954759106933, 0.06897729212907631, 0.09202596198423736, 0.342483205930044, 0.3447303489601692, 0.06503067484662577, 0.03111111111111111, 0.11701337295690936]
