mean_accuracy: 0.6865577954888785
mean_auc: 0.6412640387100644
mean_f1: 0.21769735810174215
mean_auprc: 0.15968302347450403
mean_recall: 0.47355510376589555
mean_precision: 0.15834785627992726
accuracies_per_class: [0.9517502734802313, 0.8468901390842319, 0.7093686513517737, 0.9027191748710736, 0.6367791842475387, 0.8515783716205657, 0.045241443975621194, 0.5549304578840444, 0.751211126738553, 0.8662290982966089, 0.7096421315830599, 0.5950148460696983, 0.20182841068917018, 0.9940615721206438, 0.6811220503203625]
auc_scores_per_class: [0.7156517087428227, 0.7296583909108736, 0.6328270233655531, 0.7315098387401707, 0.5879597555765921, 0.6324661968888341, 0.47919389522256906, 0.6756392179867041, 0.635247694302666, 0.678974420513307, 0.7446578667862397, 0.6520057049763479, 0.49593768921671166, 0.6091318497989845, 0.6180993276225911]
auprc_scores_per_class: [0.05036504241072525, 0.08410047060243815, 0.16683634756858468, 0.11556984985628782, 0.18200702854506612, 0.1124902228075394, 0.04360585691808391, 0.5912831631911591, 0.10552014535955645, 0.08976223351252034, 0.37459980388438496, 0.3523626767754904, 0.020323550280316467, 0.00953935063758959, 0.09687960976781805]
f1_scores_per_class: [0.11087112600764742, 0.1573855053062388, 0.24881348692755562, 0.18574231069127253, 0.2529529892887885, 0.167798462011072, 0.08196844399089248, 0.5698210058235047, 0.17169614633048416, 0.16650437767782658, 0.44145497816415913, 0.4349721965815141, 0.04389741619188998, 0.06172839008078077, 0.16985353645250484]
recall_scores_per_class: [0.17701149425287357, 0.3956756756756757, 0.4622889305816135, 0.2656688493919551, 0.4800243976822202, 0.23598274799753544, 0.9981701738334858, 0.7651353818071189, 0.37757437070938216, 0.2992125984251969, 0.6305281236582224, 0.6528141361256544, 0.8450450450450451, 0.05813953488372093, 0.46005509641873277]
precision_scores_per_class: [0.08071278825995808, 0.09822866344605476, 0.1702127659574468, 0.14278531925590748, 0.17172157975125463, 0.1301835486063902, 0.04273906060249932, 0.45394380602851814, 0.1111111111111111, 0.11534569983136593, 0.33961609620721556, 0.3261402648357038, 0.022533993177341085, 0.06578947368421052, 0.10415367344393164]
