mean_accuracy: 0.7767698077824658
mean_auc: 0.6986468591617753
mean_f1: 0.260863186102777
mean_auprc: 0.20484271907971222
mean_recall: 0.43923648844352503
mean_precision: 0.20828274468399008
accuracies_per_class: [0.9526097827785591, 0.8704094389748398, 0.8601734646038444, 0.9301453352086263, 0.7110095327394905, 0.8036411939365525, 0.9475308641975309, 0.6503359899984372, 0.20682919206125958, 0.8062978590404751, 0.7389045163306767, 0.6041178309110798, 0.8798640412564463, 0.9703469292076887, 0.719331145491483]
auc_scores_per_class: [0.7005449502902458, 0.7652636698958291, 0.7918827286983718, 0.805309476816809, 0.7117703880415718, 0.6390901897516201, 0.8193306538747855, 0.702149619140434, 0.5030170340839044, 0.6597093129072684, 0.7636493116461814, 0.6208642691855635, 0.6384069585339502, 0.7454019399597056, 0.6133123846003877]
auprc_scores_per_class: [0.04971435852826504, 0.10390142433601657, 0.3295349583277669, 0.19904883822985667, 0.2685091763772474, 0.11938981428792333, 0.2858024718260973, 0.6252826944000749, 0.07505403825115967, 0.07800313691110333, 0.4337671060031381, 0.3407521973300831, 0.04526961039436479, 0.011100584070757279, 0.10751037692182897]
f1_scores_per_class: [0.12165097323707873, 0.1783502565615346, 0.4069593985479346, 0.2847999951048353, 0.3295567800154383, 0.1776832421726984, 0.36320530558039665, 0.5909880217373221, 0.12956611077259697, 0.1422145296990632, 0.48020533099410506, 0.40746154736268697, 0.09050576478027043, 0.03802281174585285, 0.17177772322983986]
recall_scores_per_class: [0.19310344827586207, 0.3891891891891892, 0.46078799249530955, 0.333021515434986, 0.5544373284537969, 0.3345656192236599, 0.3504117108874657, 0.6557144305851333, 0.86441647597254, 0.35958005249343833, 0.6627307857449549, 0.5700261780104712, 0.2756756756756757, 0.1744186046511628, 0.41046831955922863]
precision_scores_per_class: [0.08879492600422834, 0.11568123393316196, 0.36439169139465877, 0.2487770789657582, 0.23445963373742584, 0.12096235241701939, 0.37696850393700787, 0.5378920222943183, 0.07003151649981461, 0.08863489324994608, 0.3765093304061471, 0.31704431704431707, 0.054140127388535034, 0.021337126600284494, 0.10861641638722846]
