mean_accuracy: 0.8068161691931032
mean_auc: 0.6942030476459082
mean_f1: 0.2585514608956381
mean_auprc: 0.20051086556428402
mean_recall: 0.41344076218807696
mean_precision: 0.19801030786453605
accuracies_per_class: [0.9644866385372715, 0.8695889982809814, 0.8346616658852946, 0.9265510235974371, 0.7122206594780435, 0.8611501797155806, 0.8900609470229723, 0.6341615877480856, 0.7811376777621504, 0.8639240506329114, 0.7578918581028286, 0.6065791529926551, 0.8848257540240663, 0.9916783872480075, 0.5233239568682607]
auc_scores_per_class: [0.7299996299692052, 0.7967658055688538, 0.7915089832676101, 0.7990844018598011, 0.6915159429661951, 0.61084769605897, 0.7211955934667372, 0.7185848273525035, 0.5991640203938444, 0.6611025081808338, 0.7696008059288579, 0.6572716254429731, 0.692842656961502, 0.597749856417456, 0.5758113608532774]
auprc_scores_per_class: [0.055721221451852855, 0.13410255528080603, 0.3238896343861764, 0.23479291187760964, 0.26482366689701886, 0.10689426301615572, 0.11131032498040166, 0.6408416315971657, 0.12739031196806375, 0.08211047342475111, 0.4241916181993413, 0.3567821990311337, 0.0489455774342194, 0.005081910696214829, 0.09078468322334862]
f1_scores_per_class: [0.12003871729293453, 0.21087470107458828, 0.4205914521012451, 0.3208092438139248, 0.3154275050562114, 0.16258246464501097, 0.21833332910470532, 0.6008184792260653, 0.1646286868703769, 0.14778565782559175, 0.48336806527858955, 0.4441991345069511, 0.09515039619118608, 0.018433174938521917, 0.15523090550866794]
recall_scores_per_class: [0.1425287356321839, 0.4821621621621622, 0.576360225140713, 0.4153414405986904, 0.5175358340957609, 0.21256931608133087, 0.3595608417200366, 0.7146334043200486, 0.3157894736842105, 0.2642169728783902, 0.6223701159295835, 0.6583769633507853, 0.27927927927927926, 0.023255813953488372, 0.6176308539944904]
precision_scores_per_class: [0.10367892976588629, 0.13494704992435702, 0.33110584177624486, 0.2613301942319011, 0.22684133137281112, 0.1316291491797024, 0.15676106900678102, 0.5182760903140399, 0.11133521581282775, 0.10258152173913043, 0.3951206215074281, 0.33516575045810426, 0.057343692193858674, 0.015267175572519083, 0.08877098511244853]
