mean_accuracy: 0.8196931812262331
mean_auc: 0.6902732647071835
mean_f1: 0.25545733247820157
mean_auprc: 0.20162281554740416
mean_recall: 0.38846398689518247
mean_precision: 0.20520886961390314
accuracies_per_class: [0.9484294421003282, 0.8427879356149398, 0.8471636193155181, 0.9247929363963119, 0.6946397874667917, 0.8283325519612439, 0.9282309735896234, 0.6581887794967963, 0.8743162994217847, 0.8368885763400531, 0.7741834661665885, 0.6388498202844194, 0.9217065166432254, 0.8726754180340678, 0.7042115955618066]
auc_scores_per_class: [0.7252110203393594, 0.730507314091279, 0.7774106232556877, 0.8334531430073263, 0.7065311847532033, 0.6167887219805378, 0.7568257694905182, 0.7041974097727719, 0.5719381718273704, 0.6628304824878938, 0.7649758425178986, 0.6567495582695856, 0.6844004301414149, 0.6290832140610614, 0.5331960846118443]
auprc_scores_per_class: [0.05607223333356243, 0.09057715917212456, 0.311071244731283, 0.2402968257976005, 0.2558645877708594, 0.11242131638260593, 0.17415119428957873, 0.6353251111872635, 0.1115298884134737, 0.08449993317928413, 0.4480692709228188, 0.36535916803182117, 0.04905668130834645, 0.0050855240780881645, 0.08496209461235202]
f1_scores_per_class: [0.12350597198734954, 0.15921437214281928, 0.3876017484245688, 0.3200282538654881, 0.3287530017938516, 0.16463877900298485, 0.24867075170232317, 0.59049847385007, 0.16765846852552313, 0.1550293427298517, 0.49235903257962893, 0.43832786019906517, 0.09973045447777203, 0.015110304721880442, 0.1407331711698478]
recall_scores_per_class: [0.21379310344827587, 0.4118918918918919, 0.4645403377110694, 0.4237605238540692, 0.5837145471180238, 0.26678989525569935, 0.27813357731015553, 0.6396917148362236, 0.1853546910755149, 0.3350831146106737, 0.6017604121940747, 0.5901505235602095, 0.2, 0.29069767441860467, 0.3415977961432507]
precision_scores_per_class: [0.08683473389355742, 0.09867909867909867, 0.3325275315605694, 0.25709421112372305, 0.22881052002390914, 0.11905416552103382, 0.22485207100591717, 0.5483310152990264, 0.15304676428908834, 0.10084254870984728, 0.4166171224732461, 0.3486371544558283, 0.06642728904847396, 0.007756748371082842, 0.08862206975414523]
