mean_accuracy: 0.8094988800333386
mean_auc: 0.7047361723051573
mean_f1: 0.2643133017162977
mean_auprc: 0.2046303621684002
mean_recall: 0.42143635435311055
mean_precision: 0.21129857216694742
accuracies_per_class: [0.9707376152523832, 0.8430223472417565, 0.8603297390217222, 0.9208079387404282, 0.6777230817315205, 0.848296608845132, 0.9398343491170496, 0.6341225191436162, 0.8015705578996718, 0.8987341772151899, 0.7510548523206751, 0.6516643225503985, 0.8108688857634005, 0.9714017815283638, 0.5623144241287701]
auc_scores_per_class: [0.6842908222769503, 0.7758718793374868, 0.8326672488302659, 0.7415497470323744, 0.6987574026056089, 0.658278199038819, 0.7656131058358745, 0.703626599758892, 0.6623854923669894, 0.6711343943005774, 0.7525081923154012, 0.6515973957286474, 0.6775673121306284, 0.6327988112276991, 0.6623959817911445]
auprc_scores_per_class: [0.051012697105666416, 0.10564193919548738, 0.39481093295748904, 0.14847720386567384, 0.26065535388408106, 0.11659972094403724, 0.19469358604024462, 0.63677565622944, 0.12976468825723672, 0.0891477292931599, 0.41644959151100636, 0.36296077921105696, 0.04387940268937549, 0.0051436548959592245, 0.11344249644608893]
f1_scores_per_class: [0.11778562515618063, 0.17966516639317542, 0.46200150008670393, 0.2242632940553907, 0.3234642788531196, 0.19255562039821117, 0.2980856832407228, 0.5906010879911688, 0.20900170916636382, 0.15789473217314745, 0.4739101669969634, 0.4381852504623938, 0.08780855286618156, 0.01876675399233827, 0.19071010391240403]
recall_scores_per_class: [0.11494252873563218, 0.4756756756756757, 0.575984990619137, 0.27408793264733394, 0.6014028667276609, 0.28527418361059764, 0.2991765782250686, 0.6850218030625698, 0.38386727688787187, 0.2125984251968504, 0.6161442679261485, 0.568880890052356, 0.4198198198198198, 0.08139534883720931, 0.7272727272727273]
precision_scores_per_class: [0.12077294685990338, 0.11074754593506167, 0.38567839195979897, 0.18976683937823835, 0.22122503926407897, 0.145323289391086, 0.2970027247956403, 0.5190564007991394, 0.14359084100149797, 0.12558139534883722, 0.38502817279313123, 0.35632301701168273, 0.04903198653198653, 0.010606060606060607, 0.10974393082806784]
