mean_accuracy: 0.7313903214043861
mean_auc: 0.6730248177093349
mean_f1: 0.2352508663789378
mean_auprc: 0.17834187619034278
mean_recall: 0.4789733555421929
mean_precision: 0.16637766045349292
accuracies_per_class: [0.9179559306141585, 0.8106344741365838, 0.77195655571183, 0.9082278481012658, 0.6359978121581497, 0.4120175027348023, 0.9145960306297859, 0.5780200031254884, 0.7581653383341147, 0.8134083450539147, 0.7294889826535396, 0.2669557743397406, 0.93909204563213, 0.9717533989685888, 0.5425847788716986]
auc_scores_per_class: [0.6173296385073231, 0.7702016263760822, 0.717166647998486, 0.8208825858965376, 0.6673419635610935, 0.5250317934437385, 0.758501199640248, 0.6958971586204905, 0.6253127046235617, 0.6583002856659439, 0.7871227986234769, 0.5520969481201383, 0.6817995424440854, 0.6570961683972542, 0.5612912037215626]
auprc_scores_per_class: [0.02607275382891529, 0.09179196581580833, 0.23804598126781998, 0.19362582747888377, 0.23228655497195563, 0.06628275779123241, 0.15197110168369107, 0.6225836427974896, 0.11574499620539906, 0.07865977782923964, 0.4366453789959647, 0.2759821861446627, 0.0544527542628187, 0.008103768800362197, 0.08287869498089874]
f1_scores_per_class: [0.0566037704403123, 0.15630983193710657, 0.31224224854915933, 0.2778973211330741, 0.2972014747409387, 0.1269288763543444, 0.2367318388556289, 0.5800380993972052, 0.17466666309173484, 0.14592274352871332, 0.48305210834986073, 0.3880100427975165, 0.10761304660923364, 0.03728361980953945, 0.14826131008969845]
recall_scores_per_class: [0.14482758620689656, 0.4854054054054054, 0.4971857410881801, 0.42282507015902715, 0.6007929246721562, 0.674060382008626, 0.3101555352241537, 0.7564141567792313, 0.37471395881006864, 0.3569553805774278, 0.6945040790038643, 0.9731675392670157, 0.16936936936936936, 0.16279069767441862, 0.5614325068870524]
precision_scores_per_class: [0.035175879396984924, 0.09315352697095436, 0.22758502232909653, 0.20695970695970695, 0.197434355582281, 0.07006083893691963, 0.19141727837380013, 0.47036196241644596, 0.11387343532684284, 0.09170600134861767, 0.3703067765567766, 0.24231066932822748, 0.07885906040268456, 0.021052631578947368, 0.08540776129410779]
