mean_accuracy: 0.7411444496535916
mean_auc: 0.6839743842033568
mean_f1: 0.24766913108447
mean_auprc: 0.19300251037978003
mean_recall: 0.47872244784080886
mean_precision: 0.1903317597889301
accuracies_per_class: [0.9100640725113299, 0.7852789498359118, 0.8217299578059072, 0.9217846538521643, 0.6862400375058603, 0.49796843256758866, 0.9397562119081107, 0.604039693702141, 0.8625957180809501, 0.8581418971714331, 0.7389045163306767, 0.6256837005782153, 0.8198155961869042, 0.974214721050164, 0.0709485857165182]
auc_scores_per_class: [0.6746882033725794, 0.7794355776067097, 0.7147993617854952, 0.8129887060948048, 0.7137652172405096, 0.5788469437235806, 0.7632163830490872, 0.7002418942654663, 0.643194441032719, 0.667556083359371, 0.7610996497008219, 0.6857883912131957, 0.6958093231604674, 0.6132380826488473, 0.4549475047966968]
auprc_scores_per_class: [0.038810755152052345, 0.0975237259912386, 0.25233235539219745, 0.2004693641399037, 0.26175951513331464, 0.08243686606444448, 0.19946394721105082, 0.6328085636381354, 0.13709281440849105, 0.08506933367048145, 0.4140246881256916, 0.3753066196660496, 0.048292558382978634, 0.004494643089831847, 0.06515190563083884]
f1_scores_per_class: [0.09083727993470318, 0.16193961331342002, 0.32269555704085445, 0.27777777303933227, 0.3347966497334037, 0.13630864169115287, 0.27264150443880836, 0.5823890511728786, 0.21090419087974754, 0.156562133149698, 0.46368669783033406, 0.46333949025984655, 0.09674892089826125, 0.011976045660834439, 0.13243341722377477]
recall_scores_per_class: [0.26436781609195403, 0.5740540540540541, 0.40787992495309566, 0.3601496725912067, 0.6163464470875267, 0.6247689463955638, 0.2644098810612992, 0.7166615961869993, 0.26887871853546913, 0.29483814523184604, 0.620223271790468, 0.6767015706806283, 0.44504504504504505, 0.046511627906976744, 1.0]
precision_scores_per_class: [0.05484024797329518, 0.0942659328954376, 0.2669449901768173, 0.22607163828537874, 0.22981578348874232, 0.07649943417578273, 0.28140214216163584, 0.49049139367018324, 0.17349575489110372, 0.10657811511701455, 0.370242214532872, 0.3522698236947449, 0.05427378598110305, 0.006872852233676976, 0.07091228755616331]
