mean_accuracy: 0.7784445486273898
mean_auc: 0.67726885000863
mean_f1: 0.2504252836345705
mean_auprc: 0.19593651233332313
mean_recall: 0.41142500692766876
mean_precision: 0.1982498544487462
accuracies_per_class: [0.9594858571651821, 0.8815049226441631, 0.8593920925144554, 0.9343256758868573, 0.7453508360681357, 0.7399203000468824, 0.9196749492108142, 0.6162290982966089, 0.8300125019534302, 0.8152055008595093, 0.7450773558368495, 0.6485779027973121, 0.9205344585091421, 0.9826926082200343, 0.07868416940146898]
auc_scores_per_class: [0.7034734927754913, 0.7587492701245689, 0.7830251256256738, 0.7832172352928635, 0.6866369463059812, 0.6036931335182765, 0.7663355186375035, 0.6966666953462148, 0.6121942592943718, 0.6691665075419737, 0.763217902403879, 0.6534936522624014, 0.6271320439883995, 0.6155643477705962, 0.43646661924125596]
auprc_scores_per_class: [0.050611139019420034, 0.10014646360833984, 0.33192215110670525, 0.1958171622457758, 0.25594532968181355, 0.09637630573269557, 0.1661417842107057, 0.6354932311106325, 0.11588699881040801, 0.08344416703024088, 0.4332121982287085, 0.36750676305247776, 0.039799311023544344, 0.0064299406832620505, 0.06031473945511674]
f1_scores_per_class: [0.117446803847533, 0.17108499212266318, 0.4167881979773244, 0.27823099546299657, 0.32217137653727107, 0.14795852736246504, 0.22880719696253124, 0.581519187391133, 0.1850533763787187, 0.14774774447710357, 0.47820871183856567, 0.4402265184053252, 0.08212996014440857, 0.026373623307910033, 0.13263204230260756]
recall_scores_per_class: [0.15862068965517243, 0.33837837837837836, 0.4825515947467167, 0.3030869971936389, 0.4724001219884111, 0.3561306223043746, 0.2790484903934126, 0.6921204745968969, 0.2826086956521739, 0.35870516185476814, 0.6419063975955346, 0.5786976439790575, 0.16396396396396395, 0.06976744186046512, 0.9933884297520661]
precision_scores_per_class: [0.09324324324324325, 0.11448427212874908, 0.3667997718197376, 0.2571428571428571, 0.24443743096102258, 0.09337641357027464, 0.19389701207883026, 0.5013958272112842, 0.13756613756613756, 0.09303380984796913, 0.3810373391104881, 0.3552274781560711, 0.054786273329319686, 0.016260162601626018, 0.07105978796358334]
