mean_accuracy: 0.7488774287649113
mean_auc: 0.6586371576353919
mean_f1: 0.24967738985967272
mean_auprc: 0.19547228405336553
mean_recall: 0.43137767111754227
mean_precision: 0.20198717135379146
accuracies_per_class: [0.9566729176433818, 0.9362009689013908, 0.8507188623222378, 0.9365916549460853, 0.7255430536021253, 0.6007188623222378, 0.9497968432567588, 0.5996249413970933, 0.07266760431317393, 0.8489607751211127, 0.7223003594311611, 0.6141975308641975, 0.8776761994061573, 0.9802312861384591, 0.561259571808095]
auc_scores_per_class: [0.7469526593565028, 0.7131497425032345, 0.7964585902253625, 0.7894367609159688, 0.7220160384669357, 0.6023974547870771, 0.857248280631395, 0.6920365273037193, 0.3913019729453588, 0.5882905371094348, 0.6244553887674507, 0.6668042994533843, 0.6117287288486521, 0.5164461269178525, 0.5608342562985498]
auprc_scores_per_class: [0.05325606035754307, 0.09535253142621782, 0.3228605987717462, 0.21561934394058102, 0.2805518106825929, 0.09547397832538668, 0.3278729176842789, 0.6176273875828933, 0.051600347997845485, 0.06679941797730453, 0.30915153610728885, 0.3690379842820573, 0.03548972980378189, 0.0037071182224104613, 0.08768349763855507]
f1_scores_per_class: [0.10492332070579473, 0.15781330083828046, 0.4206216782772117, 0.32290362459529715, 0.3429052431516058, 0.14762301684185794, 0.40260343526166786, 0.5776458903285158, 0.1281862913128829, 0.12295825387196634, 0.33915953395164816, 0.4515412340603025, 0.06509405516258726, 0.015564199548214702, 0.1456177699872577]
recall_scores_per_class: [0.14942528735632185, 0.1654054054054054, 0.5204502814258912, 0.36202057998129095, 0.5590118938700823, 0.5452865064695009, 0.39615736505032023, 0.710678430179495, 0.9982837528604119, 0.23709536307961504, 0.39158437097466725, 0.6650850785340314, 0.1963963963963964, 0.046511627906976744, 0.5272727272727272]
precision_scores_per_class: [0.08084577114427861, 0.15088757396449703, 0.3529262086513995, 0.2914156626506024, 0.2473016729627631, 0.08536702999903541, 0.40926275992438566, 0.4865652988960633, 0.06849046235968287, 0.08300153139356815, 0.2991144637586094, 0.3417976961237703, 0.03901216893342878, 0.009345794392523364, 0.0844734751522641]
