mean_accuracy: 0.7277595457623586
mean_auc: 0.6626631713902197
mean_f1: 0.23234161920132382
mean_auprc: 0.1738670428897654
mean_recall: 0.4587860620226587
mean_precision: 0.1761154130485627
accuracies_per_class: [0.9548757618377871, 0.8171589310829818, 0.8404438193467729, 0.9024847632442569, 0.7660571964369433, 0.3089154555399281, 0.9021722144085014, 0.6486169714017815, 0.2451554930457884, 0.7972730114080325, 0.7607438662290983, 0.3076261915924363, 0.8937333958431005, 0.9854664791373652, 0.7856696358806063]
auc_scores_per_class: [0.6294799879580102, 0.7733004391850811, 0.7147986826946293, 0.7640036678236615, 0.6779183579836208, 0.5280018502022416, 0.7164698245026964, 0.6933392941679624, 0.5257373500898521, 0.6617625133994798, 0.7835323048468642, 0.5274805248648106, 0.7029285305432423, 0.736469054543134, 0.5047251880480088]
auprc_scores_per_class: [0.03640144617121523, 0.09932294718085317, 0.2533245056518644, 0.16536913803071598, 0.25481356639144936, 0.06829268131125663, 0.12270212751621888, 0.6052635815740482, 0.07865885253588324, 0.0800785160488766, 0.45010325528449013, 0.24944032218964526, 0.05047649493055674, 0.009486211399811996, 0.0842719971295952]
f1_scores_per_class: [0.09126671461650432, 0.16189111471428363, 0.34319716460985555, 0.24363635925631044, 0.3207803946020479, 0.12538936811593696, 0.19121446571620518, 0.5816744136388459, 0.13097647496013226, 0.14640565577204095, 0.4885585387573182, 0.3908709666405409, 0.0999338156646429, 0.03626942658863359, 0.13305941436655883]
recall_scores_per_class: [0.13333333333333333, 0.48864864864864865, 0.400375234521576, 0.3760523854069224, 0.43122903324184203, 0.7812692544670363, 0.2708142726440988, 0.6341141872021093, 0.8329519450800915, 0.389326334208224, 0.6279519106912839, 0.9303010471204188, 0.27207207207207207, 0.08139534883720931, 0.23195592286501376]
precision_scores_per_class: [0.06937799043062201, 0.0970165271517493, 0.30030959752321984, 0.1801882563872703, 0.2553729456384324, 0.06816471347166972, 0.14777833250124814, 0.5372454678236962, 0.07107639736392482, 0.09015397082658022, 0.39980863860032806, 0.24741101731790097, 0.061207944872314554, 0.023333333333333334, 0.09328606248615112]
