mean_accuracy: 0.7766994842944209
mean_auc: 0.686070319227004
mean_f1: 0.26784476616080777
mean_auprc: 0.2043080246855645
mean_recall: 0.4297773118780325
mean_precision: 0.22108484164463052
accuracies_per_class: [0.938740428191905, 0.9097515236755743, 0.8632598843569308, 0.9435458665416472, 0.7520315674324113, 0.8132911392405063, 0.8983044225660259, 0.6712376933895922, 0.08329426472886388, 0.8716987029223316, 0.7788326300984529, 0.5127754336615096, 0.9574152211283014, 0.9955461790904829, 0.6607673073917799]
auc_scores_per_class: [0.7225663508613722, 0.797783566875213, 0.8411554346537451, 0.8116464538059143, 0.7171213880758309, 0.6460198895455889, 0.6755839856642831, 0.7102909984855588, 0.48684443216649764, 0.6207287005739831, 0.725304581589736, 0.598176772074227, 0.6669396963754217, 0.6682192573819661, 0.6026732802757206]
auprc_scores_per_class: [0.057369462244084714, 0.12406356124396876, 0.3728195065678849, 0.2662089610526651, 0.28382369197302126, 0.12376741506133108, 0.1191045801681765, 0.6398548197902938, 0.07877648351394315, 0.08805916026988515, 0.41688420295988005, 0.3137973664846728, 0.052727079760098605, 0.029418011654720723, 0.09794606753884069]
f1_scores_per_class: [0.12694877138484567, 0.20179681665967394, 0.4722557249876431, 0.3574922137760748, 0.3456026349717528, 0.18097685973756988, 0.21335750539758377, 0.5944773695966522, 0.12818607294755774, 0.16138916849141088, 0.46830092491753106, 0.3962236704881101, 0.09917354875315919, 0.10937499559082049, 0.16211521471173088]
recall_scores_per_class: [0.2620689655172414, 0.31567567567567567, 0.5876172607879925, 0.3760523854069224, 0.5111314425129613, 0.32532347504621073, 0.322964318389753, 0.6254943717675692, 0.9868421052631579, 0.2764654418197725, 0.5352082438814942, 0.6695026178010471, 0.10810810810810811, 0.08139534883720931, 0.4628099173553719]
precision_scores_per_class: [0.08376193975018369, 0.14829862874555613, 0.39475674313082937, 0.34067796610169493, 0.26105919003115263, 0.12535612535612536, 0.1592960288808664, 0.5663911845730027, 0.06854486211555273, 0.1139560043274432, 0.4162631491066956, 0.28137248160627104, 0.0916030534351145, 0.16666666666666666, 0.0982686008423023]
