mean_accuracy: 0.843324477782987
mean_auc: 0.6828271192767841
mean_f1: 0.26345653797371693
mean_auprc: 0.2061762677477105
mean_recall: 0.3476442161362233
mean_precision: 0.22764857464223426
accuracies_per_class: [0.9565947804344429, 0.9149867166744804, 0.859274886701047, 0.9349507735583685, 0.7551570557899672, 0.8373964681981559, 0.9500312548835755, 0.6688935771214253, 0.8858806063447414, 0.8312626972964525, 0.7684403813095796, 0.639162369120175, 0.9025629004531958, 0.991287701203313, 0.7539849976558838]
auc_scores_per_class: [0.7145196886076655, 0.7992889342668437, 0.8160731398862546, 0.7936330108401184, 0.7147700829065591, 0.6006413844245961, 0.6863313859770106, 0.7070801265006534, 0.6014425385373575, 0.6409354435324873, 0.7415152491145114, 0.6433481574961224, 0.6538070357406647, 0.5520773887121331, 0.5769432226087845]
auprc_scores_per_class: [0.05449786098225667, 0.1323450641674506, 0.3744114365955916, 0.22072078110394056, 0.28004257750398154, 0.10665949108504834, 0.15660942786056073, 0.6337981406622801, 0.14407707366575978, 0.07682720321473299, 0.4087963834709468, 0.35074167717023247, 0.047537253743933326, 0.006308545798929152, 0.09927109919001297]
f1_scores_per_class: [0.1272584401201091, 0.22063036806200542, 0.4544077504112957, 0.3076923027539335, 0.3330850225926956, 0.16626602125268472, 0.220597192382701, 0.5937784544886645, 0.20125785664491133, 0.13844005233437953, 0.4692397193247133, 0.42775712044923403, 0.09898843610029424, 0.03463202995820981, 0.1578173027299215]
recall_scores_per_class: [0.18620689655172415, 0.33297297297297296, 0.5628517823639775, 0.3461178671655753, 0.4772796584324489, 0.2556993222427603, 0.1655992680695334, 0.628131021194605, 0.21052631578947367, 0.30358705161854765, 0.562473164448261, 0.5647905759162304, 0.24684684684684685, 0.046511627906976744, 0.325068870523416]
precision_scores_per_class: [0.09665871121718377, 0.1649705409748259, 0.381000762001524, 0.27694610778443113, 0.2558025498528931, 0.12318195310181063, 0.3302919708029197, 0.5629885475368115, 0.1927710843373494, 0.0896640826873385, 0.4025195882624059, 0.3442361388113283, 0.06190691369182106, 0.027586206896551724, 0.10420346167432003]
