mean_accuracy: 0.5216179611397614
mean_auc: 0.5845479703073305
mean_f1: 0.193769700038707
mean_auprc: 0.13533889253363274
mean_recall: 0.6225114322728043
mean_precision: 0.13193593755203958
accuracies_per_class: [0.9607751211126738, 0.8077433974058447, 0.48980309423347396, 0.8983044225660259, 0.39912486325988433, 0.7899281137677762, 0.042819190498515396, 0.5801297077668386, 0.06840912642600407, 0.568838881075168, 0.6185341459603063, 0.490154711673699, 0.10989998437255821, 0.9272933270823566, 0.07251132989529614]
auc_scores_per_class: [0.7510044508765846, 0.7337080520186191, 0.5765141987672783, 0.721321471463666, 0.5761098812922447, 0.609477225855263, 0.3464865235427415, 0.6760351278706657, 0.431226848511204, 0.5679426660225113, 0.6400358501849354, 0.6268330628178203, 0.4604796242270784, 0.5901557072921699, 0.46088886386717737]
auprc_scores_per_class: [0.05636837347213527, 0.07478880362706317, 0.1240556823870792, 0.10049098377330379, 0.1539087121531667, 0.10064925701516388, 0.03014713823136256, 0.590984722748613, 0.05617722433402694, 0.052800269849399506, 0.27659179031038605, 0.32169082109909825, 0.018670975548350878, 0.005379807762034812, 0.06737882569330694]
f1_scores_per_class: [0.12237761766444895, 0.13286343339478743, 0.2158169672269059, 0.17756713612677372, 0.24997561420591694, 0.1552238767976305, 0.08191561039628786, 0.572258701698883, 0.12786657281281255, 0.10013046145389297, 0.35729330801761916, 0.4188635514352904, 0.04285174092168264, 0.01897733176487919, 0.1325635766627944]
recall_scores_per_class: [0.16091954022988506, 0.40756756756756757, 0.6742964352720451, 0.2628624883068288, 0.7816407441293077, 0.30437461491065926, 1.0, 0.7290335665753981, 1.0, 0.537182852143482, 0.5826534993559468, 0.7694698952879581, 0.918918918918919, 0.20930232558139536, 0.9994490358126722]
precision_scores_per_class: [0.09873060648801128, 0.07936842105263157, 0.12846725764941377, 0.1340648854961832, 0.14877808091948685, 0.10417545339519191, 0.0427069901926308, 0.47097746331236895, 0.06829992576095026, 0.055210862332524056, 0.2576419213973799, 0.2877508565834557, 0.02193737095664143, 0.009939260077305357, 0.07098970766641882]
