mean_accuracy: 0.7407798093452101
mean_auc: 0.6745681312019053
mean_f1: 0.24265034531449814
mean_auprc: 0.1892724087330179
mean_recall: 0.4450602863842451
mean_precision: 0.18882690248312423
accuracies_per_class: [0.9589779653070792, 0.8586888576340053, 0.8308720112517581, 0.9442491014220972, 0.7496874511642444, 0.4723003594311611, 0.9328020003125488, 0.576418190342241, 0.06844819503047352, 0.8575949367088608, 0.713314580403188, 0.614158462259728, 0.8593530239099859, 0.9735114861697141, 0.7013205188310674]
auc_scores_per_class: [0.6336096686762537, 0.8001508719614998, 0.7960492866150454, 0.833119935064784, 0.6465145413730841, 0.5340334226384638, 0.7545893795927449, 0.6824479489563335, 0.48322928796949716, 0.6801599397261782, 0.7401273622616668, 0.6208199735438716, 0.6486278899002034, 0.678655429243434, 0.5863870305055208]
auprc_scores_per_class: [0.033562129519278144, 0.104510151623919, 0.30726389492900674, 0.2759167648160354, 0.23523161583603175, 0.07383383275327227, 0.17638619364320104, 0.6036628309296157, 0.07013908121328188, 0.09346847568153577, 0.3918174395888249, 0.33348080610063924, 0.03789687922437385, 0.005767776716338416, 0.09614825841991428]
f1_scores_per_class: [0.07079645544169505, 0.18000453080469417, 0.3969912197361906, 0.3522469310007214, 0.29212241279177437, 0.12366184201375863, 0.2369121511713654, 0.5766166775509407, 0.12787124971745392, 0.166857138997106, 0.44316284259895805, 0.41193282852494734, 0.08256880491079369, 0.014534881533430563, 0.16347521292364142]
recall_scores_per_class: [0.09195402298850575, 0.4291891891891892, 0.5347091932457786, 0.362956033676333, 0.40317169868862457, 0.5871842267406038, 0.2442817932296432, 0.748707027684819, 1.0, 0.3193350831146107, 0.626878488621726, 0.5659358638743456, 0.2918918918918919, 0.05813953488372093, 0.4115702479338843]
precision_scores_per_class: [0.05755395683453238, 0.11388410786001148, 0.3156845369960124, 0.3421516754850088, 0.22903672903672903, 0.069108049311095, 0.22997416020671835, 0.4688512097542389, 0.06830259456080025, 0.11293316831683169, 0.3427230046948357, 0.3238157648380453, 0.04808548530721282, 0.008305647840531562, 0.10199344620425997]
