mean_accuracy: 0.7788899307183414
mean_auc: 0.6717413308103988
mean_f1: 0.25080994334028645
mean_auprc: 0.1931746647797056
mean_recall: 0.4095794555473441
mean_precision: 0.20228007483528654
accuracies_per_class: [0.9431161118924832, 0.9155727457415221, 0.84985935302391, 0.9365916549460853, 0.6471323644319424, 0.734489764025629, 0.9424519456165026, 0.5948195030473511, 0.8614627285513361, 0.7774261603375527, 0.7686747929363963, 0.5901312705110173, 0.9444444444444444, 0.9942959837474605, 0.18288013752148774]
auc_scores_per_class: [0.656445319727164, 0.6653647405258608, 0.8233436585144944, 0.804811543285777, 0.6798646954636007, 0.6190584761111538, 0.7833788786025007, 0.6857522131507844, 0.5794265425881844, 0.6620519432371899, 0.6829301457233261, 0.6413618065662146, 0.6624924313315352, 0.6003883565952248, 0.5294492107329705]
auprc_scores_per_class: [0.034842803600661304, 0.07834128034582391, 0.35820995660333776, 0.21224735865929423, 0.23451058065571245, 0.10724010539390273, 0.22438132032776273, 0.5834131960172197, 0.10865205029680967, 0.08358213660246794, 0.3880617857838424, 0.34393221870799096, 0.05172990307463201, 0.004534700902253478, 0.0839405747238731]
f1_scores_per_class: [0.09113607594404484, 0.15354484457614528, 0.44950579674076785, 0.3025354484064261, 0.31210966875837926, 0.15995055303486555, 0.29487792703567284, 0.5821346501123645, 0.16051135878488376, 0.1488121890099995, 0.4187690143749247, 0.42868811841457033, 0.11013766755640282, 0.013513508644998099, 0.13592232870985074]
recall_scores_per_class: [0.167816091954023, 0.2118918918918919, 0.5887429643527204, 0.3292797006548176, 0.6248856358645929, 0.3986444855206408, 0.2817932296431839, 0.7325829023425616, 0.19393592677345536, 0.4356955380577428, 0.4579218548733362, 0.643979057591623, 0.15855855855855855, 0.011627906976744186, 0.90633608815427]
precision_scores_per_class: [0.06255355612682091, 0.12039312039312039, 0.363531047265987, 0.27980922098569155, 0.20799918789970562, 0.10004638936137313, 0.3092369477911647, 0.48295226634576816, 0.13691437802907916, 0.08972972972972973, 0.38578404774823655, 0.32127989551873315, 0.08437200383509108, 0.016129032258064516, 0.07347029924073246]
