mean_accuracy: 0.7247747043808929
mean_auc: 0.638348468659051
mean_f1: 0.21573143259716673
mean_auprc: 0.16172211146464194
mean_recall: 0.4405443605246184
mean_precision: 0.15624379190289664
accuracies_per_class: [0.8730270354742928, 0.8468901390842319, 0.7387873105172683, 0.9229567119862478, 0.6567041725269573, 0.39158462259728083, 0.8991248632598844, 0.5951320518831067, 0.6672136271292389, 0.7355836849507735, 0.7059696827629317, 0.5716127519924988, 0.8531411157993436, 0.8629473355211752, 0.5509454602281606]
auc_scores_per_class: [0.5584985794928934, 0.6989888555005495, 0.7226618840124255, 0.8010768987789672, 0.6502234438555061, 0.5354637645724822, 0.6822894028062885, 0.6840895695157929, 0.5446201107202979, 0.6445943812292755, 0.7071852754996338, 0.6055951332332288, 0.6217747398770521, 0.5304299271603475, 0.5877350636310233]
auprc_scores_per_class: [0.020682568127322085, 0.07130653256280513, 0.21546617194647955, 0.19322081018506526, 0.21209943078425336, 0.06855308134733899, 0.08957466361039683, 0.5856765749201123, 0.07929335012439596, 0.06934731715736256, 0.37104312307045034, 0.32463181013829584, 0.031505353075354896, 0.0035811171474062777, 0.08984976777258957]
f1_scores_per_class: [0.04186320531123639, 0.13735416800941766, 0.3102950238655691, 0.27659573991348496, 0.2909707053797688, 0.12496488006406668, 0.15399737417058676, 0.577520481147425, 0.13767968933250493, 0.1305241496013303, 0.421610816184227, 0.4041084679290654, 0.06329429116250589, 0.008479366399606848, 0.15671313048670477]
recall_scores_per_class: [0.1632183908045977, 0.3372972972972973, 0.5643527204502814, 0.35266604303086996, 0.5498627630375115, 0.685150955021565, 0.21500457456541627, 0.7182841496805598, 0.3890160183066362, 0.4444444444444444, 0.5888793473593817, 0.6083115183246073, 0.22882882882882882, 0.1744186046511628, 0.5884297520661157]
precision_scores_per_class: [0.024010821778829895, 0.08623548922056384, 0.21397069284393228, 0.2275196137598069, 0.1978275181040158, 0.06875231853592186, 0.11995916283818274, 0.48288791928006547, 0.08364083640836409, 0.07649450383978317, 0.32834570265740964, 0.3025469932459923, 0.03672643146327357, 0.004345307068366165, 0.09039356749894202]
