mean_accuracy: 0.8091186122831692
mean_auc: 0.6961066838528722
mean_f1: 0.27608228730729006
mean_auprc: 0.22002447802670666
mean_recall: 0.4209963415797429
mean_precision: 0.22727442708396045
accuracies_per_class: [0.9668307548054383, 0.8601343959993749, 0.8649007657446476, 0.9359665572745741, 0.7561337709017034, 0.836263478668542, 0.9513986560400063, 0.6398265353961556, 0.8557196436943273, 0.8802937959056103, 0.7537896546335365, 0.634630411001719, 0.8992420690732927, 0.5716127519924988, 0.7300359431161119]
auc_scores_per_class: [0.7003415247187423, 0.7610429139365947, 0.8275362100658774, 0.7747800356553285, 0.7171957894183321, 0.5986817450387487, 0.8626535787633824, 0.7116390790359044, 0.583768088434993, 0.6469825754257307, 0.7321068159235669, 0.6459106120836428, 0.6988096998400102, 0.5741701840591469, 0.6059814053930824]
auprc_scores_per_class: [0.06133211161577777, 0.10895655161465777, 0.38423486197058593, 0.20258793803117575, 0.29078044038114664, 0.10617296761243525, 0.3813853710590582, 0.6356608046659684, 0.12366892217947, 0.08879117128267955, 0.40086699227037004, 0.3572876067680735, 0.05326958825849748, 0.0038949382506143623, 0.10147690444008944]
f1_scores_per_class: [0.13981762424959138, 0.19369369039508263, 0.47125381780112274, 0.2820849709290614, 0.34597652524634326, 0.16597014488041714, 0.4548641492595061, 0.5945018644522331, 0.16391215279040094, 0.15545754805458503, 0.46090675311895246, 0.43594691934995033, 0.09982547680637419, 0.009753454194288688, 0.16726921808144196]
recall_scores_per_class: [0.15862068965517243, 0.4648648648648649, 0.5782363977485929, 0.30121608980355474, 0.5035071668191522, 0.25693160813308685, 0.47483989021043, 0.6853260318426123, 0.20709382151029748, 0.24671916010498687, 0.5783598110777157, 0.5912958115183246, 0.25765765765765763, 0.627906976744186, 0.38236914600550964]
precision_scores_per_class: [0.125, 0.12233285917496443, 0.3976774193548387, 0.2652388797364086, 0.26352753391859535, 0.12257495590828923, 0.43650126156433977, 0.5249339754544042, 0.13563132259273136, 0.11348088531187123, 0.38310580204778155, 0.34524264424914025, 0.06190476190476191, 0.004914899426595067, 0.10704920561468456]
