mean_accuracy: 0.7891428571428573
mean_auc: 0.7393740430268558
mean_f1: 0.45512013804055423
mean_auprc: 0.3825688288557302
mean_recall: 0.6297346728709182
mean_precision: 0.3902493571196172
accuracies_per_class: [0.922, 0.53, 0.422, 0.53, 0.946, 0.86, 0.848, 0.97, 0.654, 0.966, 0.83, 0.88, 0.986, 0.704]
auc_scores_per_class: [0.918360583296509, 0.5176505416780016, 0.6166625552667033, 0.5583429635336414, 0.7935721544715447, 0.8110341475270386, 0.6925836444834907, 0.7444692321992936, 0.7768359985684955, 0.8761031907671418, 0.8333333333333334, 0.8119959677419355, 0.6147474747474748, 0.785544814761378]
auprc_scores_per_class: [0.6355545674497961, 0.509953023598021, 0.43650208029157517, 0.6320161798583265, 0.1919150132863741, 0.4888687101080202, 0.1581555095856954, 0.07083366615454759, 0.5562190560428057, 0.17756288788850408, 0.627913877634222, 0.02055125663584561, 0.03754994301684869, 0.8123678324296412]
f1_scores_per_class: [0.6829268242686233, 0.6767537781305473, 0.49563699437320496, 0.6911957904752892, 0.228571425044898, 0.520547940228936, 0.26923076520894973, 0.21052631091412755, 0.6112359505440222, 0.319999995392, 0.6320346270842001, 0.062499998828125014, 0.22222221728395072, 0.7482993147908857]
recall_scores_per_class: [0.6774193548387096, 0.9723320158102767, 0.9403973509933775, 0.9962121212121212, 0.5, 0.48717948717948717, 0.4827586206896552, 0.18181818181818182, 0.8888888888888888, 0.4444444444444444, 0.7019230769230769, 0.5, 0.2, 0.842911877394636]
precision_scores_per_class: [0.6885245901639344, 0.5189873417721519, 0.33649289099526064, 0.5291750503018109, 0.14814814814814814, 0.5588235294117647, 0.18666666666666668, 0.25, 0.4657534246575342, 0.25, 0.5748031496062992, 0.03333333333333333, 0.25, 0.672782874617737]
