mean_accuracy: 0.7462051362192009
mean_auc: 0.6748888938278025
mean_f1: 0.2483107906813992
mean_auprc: 0.1893254632776298
mean_recall: 0.46570660288381344
mean_precision: 0.192291411042821
accuracies_per_class: [0.8820909517112049, 0.8004766369745273, 0.8532192530082825, 0.9376465072667605, 0.7047976246288482, 0.7595327394905454, 0.885841537740272, 0.6856540084388185, 0.680379746835443, 0.8958821690889202, 0.7438662290982966, 0.30024222534771056, 0.9016643225503985, 0.9934755430536021, 0.1683075480543835]
auc_scores_per_class: [0.69497466202712, 0.7886654316754436, 0.814981186319379, 0.8435810587770574, 0.6866308788624932, 0.5836545447166777, 0.7320102223231697, 0.7085125539243982, 0.5298599991018633, 0.6544720979725814, 0.7611994967169013, 0.5600230506961814, 0.6801439513072436, 0.5812540453812002, 0.5033702276153278]
auprc_scores_per_class: [0.042894930250932994, 0.10435787067869907, 0.333256981617142, 0.2633233891095228, 0.2473254243077226, 0.09880189050018937, 0.11864799775425285, 0.6285183577661596, 0.07586151801162833, 0.09680725724859598, 0.41849449493569885, 0.2830282822897296, 0.04637102880678422, 0.006465713043645748, 0.07572681284374315]
f1_scores_per_class: [0.09041591092242221, 0.17241937842700558, 0.42946089115731495, 0.345365048398104, 0.31632283332218825, 0.15044858175453113, 0.18334264528165112, 0.5906176809672931, 0.13547500491364176, 0.16168606019479254, 0.4768592356739946, 0.3904298370890419, 0.1020335323217353, 0.045714280715755645, 0.1340709390815154]
recall_scores_per_class: [0.3448275862068966, 0.5751351351351351, 0.5305816135084428, 0.3938260056127222, 0.5330893565111314, 0.33579790511398644, 0.3000914913083257, 0.588581279789068, 0.36670480549199086, 0.22484689413823272, 0.6414770287677115, 0.9384816753926701, 0.25765765765765763, 0.046511627906976744, 0.9079889807162534]
precision_scores_per_class: [0.05202913631633715, 0.10141059855127717, 0.3607142857142857, 0.3075237399561724, 0.22488099832754407, 0.09694059053717538, 0.13199195171026157, 0.5926682324109057, 0.0830848995463383, 0.12622789783889982, 0.3794767589535179, 0.24648704396029392, 0.06361209964412812, 0.0449438202247191, 0.07237911195045896]
