mean_accuracy: 0.6956295254466843
mean_auc: 0.6240448795925085
mean_f1: 0.2077570444536661
mean_auprc: 0.13899240254860976
mean_recall: 0.46272644197229135
mean_precision: 0.1441377599085812
accuracies_per_class: [0.8061025160181279, 0.8356774496015003, 0.2465228942022191, 0.9059228004375683, 0.6587357399593686, 0.6461947179246758, 0.910415689951555, 0.458782622284732, 0.23753711517424597, 0.8917408970151586, 0.6957727769964057, 0.44202219096733864, 0.9083841225191436, 0.9889435849351461, 0.8016877637130801]
auc_scores_per_class: [0.6299248472024073, 0.7546988202583841, 0.503920473386879, 0.6913426157607261, 0.6351290588275953, 0.5622274175309001, 0.6487372067404484, 0.5736698417504423, 0.5168741632743453, 0.6265070289106759, 0.7515746257910604, 0.6063416428542254, 0.6366476456089492, 0.6006413353632409, 0.6224364706273487]
auprc_scores_per_class: [0.02597040739319057, 0.08578988219050575, 0.09932286929099128, 0.10386834838118095, 0.2028302617279907, 0.07764773178085362, 0.08661446023010133, 0.43008942849181964, 0.06701399756389488, 0.08141252434508472, 0.36068241670125195, 0.31212522029838397, 0.03676880036875667, 0.004477616639854561, 0.11027207282528614]
f1_scores_per_class: [0.05340453786416551, 0.1458164063719182, 0.1931894223829606, 0.1736444703031046, 0.28430970520596055, 0.13240084044713463, 0.16038080808817395, 0.5621266195989475, 0.13408465559283983, 0.1375661329823434, 0.44627746125981715, 0.41041941498524565, 0.07713498281166455, 0.027491404770846512, 0.1781088041398685]
recall_scores_per_class: [0.3218390804597701, 0.3881081081081081, 0.8664165103189494, 0.23666978484565013, 0.5291247331503507, 0.425754775107825, 0.20036596523330283, 0.9017341040462428, 0.86441647597254, 0.19335083114610674, 0.673679690854444, 0.8133180628272252, 0.17657657657657658, 0.046511627906976744, 0.30303030303030304]
precision_scores_per_class: [0.029118136439267885, 0.0897724431107777, 0.10871509958095955, 0.13712737127371274, 0.1943759802823213, 0.07838910947249007, 0.1336996336996337, 0.40833945628214546, 0.07267917267917268, 0.1067632850241546, 0.33365231259968103, 0.2744589222614841, 0.04934541792547835, 0.01951219512195122, 0.12611786287548726]
