mean_accuracy: 0.752143564098557
mean_auc: 0.6574477693966593
mean_f1: 0.22175692596912125
mean_auprc: 0.164719616383101
mean_recall: 0.4152460562950113
mean_precision: 0.1634814777763122
accuracies_per_class: [0.9545632130020316, 0.8632989529614002, 0.627754336615096, 0.9222534771057977, 0.6709251445538366, 0.29406938584153774, 0.897093295827473, 0.6455305516486951, 0.8038365369588998, 0.8138771683075481, 0.7267151117362087, 0.4336615096108767, 0.9310829817158931, 0.9853883419284263, 0.7121034536646351]
auc_scores_per_class: [0.5946443752806638, 0.7897348347496296, 0.6033569670591021, 0.7734746835764088, 0.6386606662383653, 0.5506240988559243, 0.6530111759939472, 0.6959330435023309, 0.6026868081180812, 0.647562687347188, 0.7732412334668495, 0.6114040300955758, 0.6589349862621697, 0.7364335007703318, 0.5320134496333219]
auprc_scores_per_class: [0.027028273762778564, 0.10358020394616071, 0.15915737188434353, 0.15805412235539384, 0.2062366223319167, 0.07511486088782918, 0.08897026549108313, 0.6286667056730753, 0.10379980098373273, 0.07635318587339285, 0.39420924219738346, 0.312628864911245, 0.04189161985397268, 0.010625620923174523, 0.08447748467103355]
f1_scores_per_class: [0.06885507952764162, 0.18190319978981817, 0.21863211073878314, 0.24161584883005668, 0.28781601019716385, 0.12731224197461666, 0.15359896716506852, 0.5859913251892426, 0.1688462134010741, 0.14100252106947717, 0.47306967529404587, 0.40986809591986995, 0.0764397864530854, 0.050761417907186704, 0.14064139607968795]
recall_scores_per_class: [0.09885057471264368, 0.4205405405405405, 0.500187617260788, 0.29653882132834425, 0.5190606892345228, 0.8120764017252002, 0.21866422689844464, 0.6511509988844945, 0.2917620137299771, 0.342082239720035, 0.6741090596822671, 0.8236256544502618, 0.13153153153153152, 0.11627906976744186, 0.3322314049586777]
precision_scores_per_class: [0.052825552825552825, 0.11605011933174224, 0.13988876062545913, 0.20385852090032155, 0.1991109031352363, 0.06907032805785557, 0.1183754333828628, 0.5326862452297992, 0.1187980433263452, 0.0888030888030888, 0.3643959614715098, 0.27281595491003685, 0.05387453874538745, 0.032467532467532464, 0.08920118343195266]
