mean_accuracy: 0.8287909569203522
mean_auc: 0.6912245643833451
mean_f1: 0.2626406355479906
mean_auprc: 0.20988428583477292
mean_recall: 0.37263480391651965
mean_precision: 0.21205599008645457
accuracies_per_class: [0.9548757618377871, 0.8913111423659947, 0.8501328332551962, 0.9238552898890452, 0.7358571651820597, 0.8107126113455227, 0.9436240037505861, 0.62818409126426, 0.8840834505391467, 0.7914127207376153, 0.7509376465072668, 0.5799734333489608, 0.9454602281606501, 0.9753867791842475, 0.7660571964369433]
auc_scores_per_class: [0.6832176416064453, 0.7378461855313219, 0.8013838235483022, 0.8212944761472657, 0.7084469322055978, 0.6202238994531202, 0.8120420043791714, 0.6882752915670818, 0.6238895393556598, 0.6587238489434926, 0.7614170623190977, 0.6523479360431057, 0.6408579299318486, 0.6228685969022636, 0.5355332978164039]
auprc_scores_per_class: [0.046187583331715465, 0.09181834707796943, 0.3458366139624905, 0.2187401465385364, 0.2735733150371757, 0.11193419144342238, 0.27623116340107334, 0.6336172300819288, 0.1366940976467803, 0.07756779737716224, 0.4400043345613302, 0.35974216555067734, 0.04505945196233005, 0.005289145420221494, 0.08596870412878]
f1_scores_per_class: [0.11222136372706877, 0.16002415056365277, 0.4259203783235233, 0.3036798809523026, 0.3294654324850413, 0.1679546585243563, 0.3413966175468084, 0.5749631499100407, 0.21069432862383744, 0.13928743855429854, 0.48551367459127776, 0.4350202279164828, 0.08996088195304543, 0.01869158646480556, 0.14481576308331673]
recall_scores_per_class: [0.167816091954023, 0.2864864864864865, 0.5339587242026267, 0.39756782039289057, 0.5065568770966759, 0.30129390018484287, 0.3421774931381519, 0.652773552378055, 0.22654462242562928, 0.3779527559055118, 0.6457707170459425, 0.6771924083769634, 0.12432432432432433, 0.06976744186046512, 0.2793388429752066]
precision_scores_per_class: [0.08429561200923788, 0.1110180142438207, 0.35424446104057755, 0.24566473988439305, 0.24412110523221633, 0.11642857142857142, 0.3406193078324226, 0.5137270550678372, 0.19691695673794132, 0.08537549407114625, 0.3889822837191258, 0.32043044050476116, 0.07048008171603677, 0.01079136690647482, 0.09774436090225563]
