mean_accuracy: 0.8457102672292545
mean_auc: 0.7075479171584934
mean_f1: 0.27860519132406875
mean_auprc: 0.22007824347827426
mean_recall: 0.36036965501357443
mean_precision: 0.24948734712068257
accuracies_per_class: [0.9687451164244413, 0.8899046726050945, 0.8574777308954524, 0.9359274886701047, 0.7697687138615409, 0.8341537740271917, 0.9562040943897484, 0.6598687294889827, 0.8779106110329739, 0.8725972808251289, 0.7746913580246914, 0.5894280356305672, 0.9287779340521957, 0.9962494139709329, 0.7739490545397718]
auc_scores_per_class: [0.735379420897238, 0.7855812547174875, 0.8073544968047138, 0.8107104852242215, 0.7258974052974221, 0.614496787423539, 0.8008982711716053, 0.7149407781831261, 0.6198162110989738, 0.6387914194241034, 0.7615332787910378, 0.6353927862074507, 0.6911290348693009, 0.6371242923431759, 0.6341728349240076]
auprc_scores_per_class: [0.05701532624978498, 0.12411958855537865, 0.3578089525549557, 0.24529950018371943, 0.29548607342820177, 0.11094403548332667, 0.2872965786519578, 0.6405850545839569, 0.13610140033659146, 0.07390231114088994, 0.4400230265161097, 0.34682094129873453, 0.051747967932407116, 0.021357993214671595, 0.11266490204342701]
f1_scores_per_class: [0.12087911588878175, 0.2102017898811952, 0.441176465756628, 0.333333328419, 0.3477587114798476, 0.16156428559063962, 0.37128434747080064, 0.5965708940176021, 0.19437998989277686, 0.1375297498150227, 0.48733220245495684, 0.42795710186865377, 0.11029770224821321, 0.05882352676662833, 0.1799886583102853]
recall_scores_per_class: [0.12643678160919541, 0.40540540540540543, 0.5403377110694184, 0.38353601496725914, 0.4791094845989631, 0.25200246457178066, 0.302836230558097, 0.652773552378055, 0.21567505720823799, 0.2274715660542432, 0.5884499785315586, 0.6431609947643979, 0.2036036036036036, 0.03488372093023256, 0.349862258953168]
precision_scores_per_class: [0.11578947368421053, 0.14188422247446084, 0.3727672793165933, 0.29475197699496763, 0.2729325920778318, 0.1188953488372093, 0.4797101449275362, 0.5492789487157608, 0.17691224777099954, 0.09855951478392722, 0.4158701259292975, 0.3206623705033037, 0.07563587684069611, 0.1875, 0.121160083953444]
