mean_accuracy: 0.8288899307183414
mean_auc: 0.6994524343187579
mean_f1: 0.26383099890107836
mean_auprc: 0.20596415649340755
mean_recall: 0.3803163069509139
mean_precision: 0.21201702612634132
accuracies_per_class: [0.9332317549617127, 0.8747460540709486, 0.8482575402406626, 0.9320596968276293, 0.7429676511954993, 0.8219643694327239, 0.9360056258790436, 0.6646350992342553, 0.8059071729957806, 0.8770120331301766, 0.7678152836380685, 0.5815361775277387, 0.9409673386466635, 0.9940225035161744, 0.7122206594780435]
auc_scores_per_class: [0.6807787275234843, 0.7890407054129643, 0.8320079906904005, 0.7745179774199702, 0.7175988302843541, 0.633863910721702, 0.7734505052857019, 0.7094181316034861, 0.5412914275153777, 0.6348016562134533, 0.7548721816698105, 0.6411198389993239, 0.6893859835635324, 0.6970344506942102, 0.6226041971835978]
auprc_scores_per_class: [0.04503757574288397, 0.11774205602861117, 0.3640097587564355, 0.20453947767126615, 0.2760679102928596, 0.11795355770321479, 0.18784785702102136, 0.6363736764707854, 0.10916055740858441, 0.08137130452311314, 0.4323331001652816, 0.3493268026417449, 0.05072216238628858, 0.00874104265239201, 0.10823550793663003]
f1_scores_per_class: [0.10005265576244932, 0.19809904596805034, 0.45388076021829465, 0.29850745778117477, 0.34005416350592355, 0.18113207133994094, 0.2713523081710632, 0.5953233968726811, 0.13988919245498627, 0.14642082001758808, 0.488774188745644, 0.42626814064919744, 0.10005955483570496, 0.03773584409002874, 0.1799153831034481]
recall_scores_per_class: [0.21839080459770116, 0.4281081081081081, 0.6056285178236398, 0.3461178671655753, 0.5169258920402562, 0.31053604436229204, 0.2790484903934126, 0.6403001723963087, 0.2311212814645309, 0.23622047244094488, 0.6099184199227136, 0.6510143979057592, 0.15135135135135136, 0.03488372093023256, 0.44517906336088153]
precision_scores_per_class: [0.06489071038251366, 0.1288643019850309, 0.3629413087474702, 0.2624113475177305, 0.2533632286995516, 0.1278538812785388, 0.26406926406926406, 0.5562505506122809, 0.1002979145978153, 0.10609037328094302, 0.4077795320798048, 0.31687504977303493, 0.07473309608540925, 0.0410958904109589, 0.11273894237477326]
