mean_accuracy: 0.8395738917539197
mean_auc: 0.7088815394889106
mean_f1: 0.278304760183136
mean_auprc: 0.2186107035975123
mean_recall: 0.38448271411265367
mean_precision: 0.22694295279993265
accuracies_per_class: [0.9562431629942179, 0.9009610876699484, 0.8458352867635568, 0.9240506329113924, 0.7478121581497109, 0.8404438193467729, 0.9378027816846383, 0.6667057352711361, 0.8983044225660259, 0.8449367088607594, 0.7724644475699328, 0.5716127519924988, 0.9337396468198156, 0.9921081418971714, 0.7605875918112205]
auc_scores_per_class: [0.7135086365644331, 0.7636031142812385, 0.8219645722386181, 0.7903814635008486, 0.7092941536642651, 0.6238273705896131, 0.8229538635204181, 0.7135817607354236, 0.6395933062331456, 0.6739746672057764, 0.7448179316628074, 0.6598079141121027, 0.6617644000775664, 0.6580429015525148, 0.6361070363948903]
auprc_scores_per_class: [0.046391524275276645, 0.12113934258924237, 0.3615810958171323, 0.2155277754718308, 0.28904580693742044, 0.1169335807189916, 0.254857331244697, 0.6478135174731489, 0.17947239873053902, 0.09084366005776415, 0.42171403649113787, 0.36047847440608416, 0.04722357430131367, 0.008694666006646715, 0.11744376944145868]
f1_scores_per_class: [0.10256409802279823, 0.21199875250836095, 0.4494977631858923, 0.310149037164812, 0.34486957842733207, 0.17428224387212968, 0.33996682754804275, 0.5940904931871328, 0.24353385143835976, 0.16071050595586084, 0.4802784174160123, 0.4401327503654899, 0.09304812416812053, 0.0471698064987545, 0.18227915298794153]
recall_scores_per_class: [0.1471264367816092, 0.36864864864864866, 0.6045028142589118, 0.4087932647333957, 0.5181457761512657, 0.26555760936537276, 0.37511436413540716, 0.633100091268634, 0.2397025171624714, 0.3324584426946632, 0.5777157578359811, 0.7051701570680629, 0.15675675675675677, 0.05813953488372093, 0.3763085399449036]
precision_scores_per_class: [0.07872078720787208, 0.1487783595113438, 0.357761492338441, 0.2498570611778159, 0.25844234864618193, 0.12970207643695456, 0.310841546626232, 0.5596091789171747, 0.2474896633195511, 0.10596765197992192, 0.410965180207697, 0.31989905737400726, 0.0661596958174905, 0.03968253968253968, 0.12026765275576685]
