mean_accuracy: 0.7205683179663489
mean_auc: 0.6461083106896245
mean_f1: 0.22380835845336305
mean_auprc: 0.1634174769593164
mean_recall: 0.4508449491286849
mean_precision: 0.15998706477050945
accuracies_per_class: [0.9558524769495234, 0.9072902015939991, 0.8346616658852946, 0.9124863259884357, 0.6973355211751836, 0.7178856071261135, 0.8480231286138459, 0.48316143147366775, 0.07891858102828567, 0.842280043756837, 0.7096421315830599, 0.2519924988279419, 0.9198702922331614, 0.9649945303953743, 0.6841303328645101]
auc_scores_per_class: [0.6976500760390442, 0.7303839391253764, 0.7493813277666427, 0.7888415138079441, 0.6612438343875995, 0.6029508859820965, 0.6460096433474416, 0.6415910034126406, 0.5076466121822649, 0.6320586828253634, 0.7147000707603437, 0.5465069011182219, 0.582998764908433, 0.6485126671711048, 0.5411487375098508]
auprc_scores_per_class: [0.04475326905190974, 0.09269560487799633, 0.27524763104682287, 0.20668021211942036, 0.22518973140502954, 0.09032648387852515, 0.07546759358060656, 0.5245286492564809, 0.07031937703546501, 0.0757789318366084, 0.36349340411085546, 0.2847426770183201, 0.03195502506980198, 0.0062375976869592405, 0.08384596641494443]
f1_scores_per_class: [0.10317459865362832, 0.16118769443229325, 0.35369578014551123, 0.2834292981226266, 0.3003702658574844, 0.15017064537367772, 0.13014310900778078, 0.564075522024087, 0.12862211588182482, 0.141976616938034, 0.42936117476646457, 0.3859525305234722, 0.060467243115911326, 0.023965139914088242, 0.14053364204356059]
recall_scores_per_class: [0.14942528735632185, 0.2464864864864865, 0.43452157598499064, 0.41440598690364827, 0.5071668191521805, 0.3930991990141713, 0.26623970722781337, 0.867964709461515, 0.9954233409610984, 0.2922134733158355, 0.6002576212966939, 0.9844568062827225, 0.11891891891891893, 0.12790697674418605, 0.36418732782369145]
precision_scores_per_class: [0.07878787878787878, 0.11974789915966387, 0.298223023435488, 0.21536217792902285, 0.21336925840390045, 0.09281350014547571, 0.08612015389168393, 0.417797520257737, 0.0687529634898056, 0.09376754632229085, 0.3342098972029644, 0.2400271262166906, 0.04054054054054054, 0.013221153846153846, 0.08706533192834563]
