mean_accuracy: 0.8123144241287702
mean_auc: 0.688779828650541
mean_f1: 0.24579621673140944
mean_auprc: 0.18922390935638284
mean_recall: 0.37704413560740596
mean_precision: 0.19619568988301386
accuracies_per_class: [0.9494842944210032, 0.8999843725582122, 0.8118456008751367, 0.9251445538365369, 0.765510235974371, 0.6084153774027192, 0.9072511329895296, 0.6782309735896234, 0.8389201437724645, 0.7893420847007345, 0.7735192998906079, 0.6103688076261916, 0.9179949992186279, 0.9815596186904204, 0.7271448663853727]
auc_scores_per_class: [0.7292661467048758, 0.7213225945332467, 0.7265632037641598, 0.8183690999663111, 0.721925887735651, 0.5747063875695647, 0.7487042029582875, 0.6969572546157718, 0.5798085865324016, 0.6573994735342987, 0.695620319017471, 0.6779469331998548, 0.6531861081160231, 0.659749254738224, 0.6701719767719745]
auprc_scores_per_class: [0.05754133191043003, 0.09103446161575199, 0.26275890383502476, 0.20909570441143788, 0.29422460207896667, 0.07673798489432196, 0.13183177458515644, 0.6015821543617008, 0.10468474334758543, 0.07571045992442527, 0.3948954976470438, 0.3748100689624383, 0.04176909859776579, 0.006580511175219491, 0.11510134299847335]
f1_scores_per_class: [0.11619958570526871, 0.1655801783173854, 0.3379158600807948, 0.2764350405026909, 0.34845852776412506, 0.139435045253136, 0.20282068037715364, 0.5927207941327176, 0.1705894140682595, 0.13920817070742234, 0.42970978352479594, 0.4612974622220653, 0.0846053168716334, 0.028806581449305115, 0.1931608099943884]
recall_scores_per_class: [0.19540229885057472, 0.2745945945945946, 0.46116322701688556, 0.3423760523854069, 0.48947849954254347, 0.5003080714725816, 0.27630375114364136, 0.6077476929317513, 0.2425629290617849, 0.38145231846019245, 0.46887075998282524, 0.6986256544502618, 0.17477477477477477, 0.08139534883720931, 0.46060606060606063]
precision_scores_per_class: [0.08268482490272373, 0.11852543163789081, 0.2666522022130614, 0.2317922735908803, 0.2705208157761672, 0.08100558659217877, 0.16021220159151195, 0.5784190715181933, 0.131554452373565, 0.08513962116774068, 0.39658616306518973, 0.34432707039754856, 0.05581127733026467, 0.0175, 0.12220435608829118]
