mean_accuracy: 0.7961374173047873
mean_auc: 0.6824332269913029
mean_f1: 0.2414906271064345
mean_auprc: 0.18930510731034284
mean_recall: 0.3903862419197465
mean_precision: 0.18575286209001393
accuracies_per_class: [0.947022972339428, 0.8795905610251602, 0.842631661197062, 0.9311220503203625, 0.7494921081418972, 0.5712611345522738, 0.8756837005782153, 0.6011486169714018, 0.8340365682137834, 0.8421237693389592, 0.7570714174089701, 0.5965385216440069, 0.9240897015158619, 0.9640568838881075, 0.6261915924363182]
auc_scores_per_class: [0.683981366893756, 0.7182686533154694, 0.7671479975451275, 0.8062240489976816, 0.6700264315056759, 0.5771042510110792, 0.6725706309502442, 0.6951979931276714, 0.623792049302332, 0.6782312482685463, 0.7469806479708375, 0.6775758238938971, 0.6816534756872603, 0.6829683753749101, 0.5547754110250527]
auprc_scores_per_class: [0.0440853466083761, 0.08494471145198956, 0.3219291545678475, 0.20973950082359755, 0.24966063843089062, 0.08142823497734027, 0.09162412976070432, 0.6191481779160674, 0.1136802129520923, 0.08645468389842517, 0.4233877671218785, 0.3766073680024804, 0.044343796882074786, 0.006453463500651291, 0.08608942276072712]
f1_scores_per_class: [0.08993288177176724, 0.15236523273003535, 0.37935284569902494, 0.29111378681539024, 0.31466438193713575, 0.1367212060796349, 0.14919785682580156, 0.5829486450519684, 0.19270239008997922, 0.1635272164248825, 0.46699810938084363, 0.4560442410910586, 0.0821917769532426, 0.019189763792854333, 0.14540907195289807]
recall_scores_per_class: [0.15402298850574714, 0.29945945945945945, 0.4619136960600375, 0.33863423760523853, 0.4489173528514791, 0.5354282193468884, 0.2552607502287283, 0.7235574485346313, 0.290045766590389, 0.3455818022747157, 0.5848003434950623, 0.7082787958115183, 0.15675675675675677, 0.10465116279069768, 0.4484848484848485]
precision_scores_per_class: [0.06350710900473934, 0.10217631870158612, 0.3218300653594771, 0.2552891396332863, 0.24222478196478525, 0.07836594823699161, 0.10540234227427277, 0.4880968668764537, 0.14428002276607854, 0.10710412147505423, 0.3886986301369863, 0.3362852481938942, 0.05569782330345711, 0.01056338028169014, 0.08677113314145614]
