mean_accuracy: 0.6873287492837422
mean_auc: 0.6344572012766891
mean_f1: 0.22556183209279312
mean_auprc: 0.15764584180465965
mean_recall: 0.47603054615074714
mean_precision: 0.1700097640871608
accuracies_per_class: [0.9714408501328332, 0.8839271761212689, 0.8229801531489295, 0.9341694014689795, 0.7731286138459135, 0.7142912955149242, 0.8900609470229723, 0.6189248320050008, 0.06833098921706517, 0.8006329113924051, 0.536685419596812, 0.264728863884982, 0.9052195655571184, 0.9936318174714799, 0.13177840287544929]
auc_scores_per_class: [0.6569105991894956, 0.7344371934660128, 0.7483816978302557, 0.7395611785076548, 0.6589689735401112, 0.607997819687218, 0.6772430800806772, 0.6952507667187184, 0.4119833099139708, 0.6566303797965629, 0.6010340041327519, 0.4756106769307828, 0.6886496416147787, 0.7477213678174541, 0.41647732992389347]
auprc_scores_per_class: [0.037742886321041426, 0.08973013827753926, 0.2776626217388324, 0.1618326929639061, 0.2430202622077253, 0.09468076284653007, 0.08819965732832859, 0.5930273374920246, 0.05377881327096606, 0.08151120491057354, 0.28633781031625566, 0.22075737147598082, 0.04559374664588545, 0.03607502379718693, 0.05473729747711864]
f1_scores_per_class: [0.07351076818324234, 0.16987985087492702, 0.3579424637704649, 0.24810352022252138, 0.30027713704436354, 0.1554451984783626, 0.1620011867942947, 0.5875687054973356, 0.1278572200298045, 0.1413427530769978, 0.3280639090842081, 0.3873697884791884, 0.09002250232961947, 0.11891891394360869, 0.13512356358295774]
recall_scores_per_class: [0.06666666666666667, 0.3286486486486486, 0.47392120075046906, 0.2600561272217025, 0.37999390057944493, 0.414664202094886, 0.24885635864592864, 0.7045938545786431, 1.0, 0.3674540682414698, 0.6215113782739373, 0.9734947643979057, 0.21621621621621623, 0.12790697674418605, 0.9564738292011019]
precision_scores_per_class: [0.08192090395480225, 0.1145440844009043, 0.287568306010929, 0.23720136518771331, 0.24820717131474104, 0.09565093803297328, 0.12008830022075055, 0.5038799042715207, 0.06829458878687243, 0.0875, 0.2228465860980679, 0.24179128738621586, 0.05684509711037423, 0.1111111111111111, 0.07269681742043552]
