mean_accuracy: 0.7787336563004637
mean_auc: 0.6958542140001227
mean_f1: 0.26982615090892687
mean_auprc: 0.20912729200281588
mean_recall: 0.4472211044374275
mean_precision: 0.21427275350307887
accuracies_per_class: [0.9529614002187842, 0.895257071417409, 0.8590014064697609, 0.9206907329270199, 0.7726207219878106, 0.6619393655258634, 0.9387013595874355, 0.6420143772464447, 0.22675418034067824, 0.8312236286919831, 0.7630098452883263, 0.6453742772308173, 0.8581418971714331, 0.9946476011876856, 0.7186669792155024]
auc_scores_per_class: [0.7452392797282055, 0.7565480863296112, 0.8206169614152844, 0.811595346538358, 0.7168351181661267, 0.6061957949766809, 0.8055167657085065, 0.7093138862795333, 0.5010630230015115, 0.654435156714477, 0.7326838430876561, 0.6757300895835058, 0.6785228981227543, 0.6150378784425623, 0.6084790819070668]
auprc_scores_per_class: [0.06155990482247584, 0.11254036315838435, 0.3705959879159317, 0.2253236871764393, 0.2865312800316062, 0.10152183174988469, 0.24358845648143268, 0.6351397349075667, 0.06712894099702689, 0.08020705072930351, 0.398941488007941, 0.3830505120361186, 0.04482924433019934, 0.024844306783923104, 0.10110659091400459]
f1_scores_per_class: [0.13131312700614697, 0.20656998714541824, 0.45226892825281895, 0.3090537734510471, 0.34913889045716345, 0.14991649206362262, 0.3354510750782957, 0.5931352910232385, 0.13063339926751602, 0.15027537023592716, 0.4717868290339972, 0.4615293303720531, 0.08837559388568887, 0.05517240896646891, 0.16277176739450042]
recall_scores_per_class: [0.20919540229885059, 0.3772972972972973, 0.5590994371482176, 0.4246959775491113, 0.4760597743214395, 0.470117067159581, 0.36230558096980786, 0.6773146739681574, 0.8506864988558352, 0.3342082239720035, 0.581580077286389, 0.6364528795811518, 0.3171171171171171, 0.046511627906976744, 0.3856749311294766]
precision_scores_per_class: [0.09568874868559411, 0.1422167889160554, 0.3797145769622834, 0.24291064740502943, 0.27564894932014833, 0.08917718560074801, 0.31230283911671924, 0.527567140600316, 0.07074888191074317, 0.09692971327074347, 0.39686492821564606, 0.3620288506281992, 0.051341890315052506, 0.06779661016949153, 0.1031535514294135]
