mean_accuracy: 0.8215714285714285
mean_auc: 0.7336771545557371
mean_f1: 0.47596081668681467
mean_auprc: 0.39238698654758697
mean_recall: 0.5770554890817209
mean_precision: 0.43602637672150146
accuracies_per_class: [0.912, 0.522, 0.658, 0.642, 0.986, 0.858, 0.916, 0.958, 0.732, 0.97, 0.854, 0.874, 0.982, 0.638]
auc_scores_per_class: [0.9051774930033879, 0.570834200124818, 0.7060475530844988, 0.6753418721109399, 0.6377032520325203, 0.7646585247296147, 0.6450325792517754, 0.7345231455660904, 0.7740577499011133, 0.8730482009504413, 0.8596663752913754, 0.7689012096774193, 0.6406060606060606, 0.7158819474502637]
auprc_scores_per_class: [0.5881841808688167, 0.572508547712602, 0.518426258589689, 0.7169181071016951, 0.20367517525390327, 0.47406688519147605, 0.12478762101498925, 0.07511768402267792, 0.5590920346480103, 0.2567702734794976, 0.638716654620471, 0.018233918410619963, 0.02921801847439827, 0.7177024522773712]
f1_scores_per_class: [0.6666666616850322, 0.6783310856836984, 0.5604113063040821, 0.7021630566378277, 0.4615384568047337, 0.5234899278969416, 0.22222221724965718, 0.22222221739369008, 0.5963855371993397, 0.399999995392, 0.6726457349329366, 0.05970149141456896, 0.18181817685950424, 0.7158555681613925]
recall_scores_per_class: [0.7096774193548387, 0.9960474308300395, 0.7218543046357616, 0.7992424242424242, 0.375, 0.5, 0.20689655172413793, 0.2727272727272727, 0.6470588235294118, 0.5555555555555556, 0.7211538461538461, 0.5, 0.2, 0.8735632183908046]
precision_scores_per_class: [0.6285714285714286, 0.5142857142857142, 0.4579831932773109, 0.6261127596439169, 0.6, 0.5492957746478874, 0.24, 0.1875, 0.553072625698324, 0.3125, 0.6302521008403361, 0.031746031746031744, 0.16666666666666666, 0.6063829787234043]
