mean_accuracy: 0.786352034172006
mean_auc: 0.6973030202112211
mean_f1: 0.26735212933228397
mean_auprc: 0.21403218610105665
mean_recall: 0.42263369465772466
mean_precision: 0.21478780960818747
accuracies_per_class: [0.939443663072355, 0.9136974527269885, 0.8545085169557743, 0.9362400375058603, 0.7348023128613846, 0.824503828723238, 0.935341459603063, 0.6411939365525864, 0.7716830754805438, 0.8626347866854196, 0.7773870917330833, 0.6175964994530395, 0.9170964213158306, 0.9940615721206438, 0.07508985779027973]
auc_scores_per_class: [0.7078045433386005, 0.7812799796675602, 0.8148747572352426, 0.8284046793966734, 0.6904780138327599, 0.6335390561454959, 0.7998571715493583, 0.7099259722858248, 0.6121831045515572, 0.7026561998933873, 0.7625451346860167, 0.6537672901634419, 0.6573518528712011, 0.5828061043092996, 0.5220714432418964]
auprc_scores_per_class: [0.04522432227960932, 0.11930766083168537, 0.36719964674889044, 0.25577553843221085, 0.2707912673123988, 0.12024605714304154, 0.22419413905268123, 0.6430855065026428, 0.12207969222400279, 0.10125508294978622, 0.44204309942530207, 0.3625860412640577, 0.0464922601917131, 0.009324402693574678, 0.0808780744642518]
f1_scores_per_class: [0.11021813632175839, 0.20166244585634122, 0.44201378003944614, 0.338199508470452, 0.32578465989058847, 0.17029922003524306, 0.28571428073026883, 0.5928717035638228, 0.16466551940751908, 0.16918714161487358, 0.49744222482915873, 0.4388258181742439, 0.09083118746335068, 0.0499999950281255, 0.1325663185590671]
recall_scores_per_class: [0.2206896551724138, 0.3016216216216216, 0.5534709193245778, 0.3900841908325538, 0.5001524855138761, 0.2840418977202711, 0.302836230558097, 0.6781259507149376, 0.3295194508009153, 0.3132108486439195, 0.605410047230571, 0.6261452879581152, 0.19099099099099098, 0.046511627906976744, 0.996694214876033]
precision_scores_per_class: [0.07345065034429993, 0.15146579804560262, 0.3679221751060115, 0.2984967788117394, 0.24156724112534983, 0.12160379847006067, 0.2704248366013072, 0.5266598409073009, 0.10975609756097561, 0.11589511168662998, 0.4221556886227545, 0.3377758164165931, 0.059584035975267007, 0.05405405405405406, 0.07100522039486595]
