mean_accuracy: 0.7729306662499348
mean_auc: 0.6763543484237712
mean_f1: 0.24924103035052972
mean_auprc: 0.19452766607318098
mean_recall: 0.4401006686286784
mean_precision: 0.193927026276361
accuracies_per_class: [0.9619862478512268, 0.8674402250351617, 0.8093842787935615, 0.9333098921706516, 0.782934833567745, 0.41854195968120017, 0.7123378652914518, 0.6591654946085326, 0.8376699484294421, 0.9033052039381153, 0.7423425535239881, 0.6083763087982498, 0.8945538365369589, 0.8189170182841069, 0.6436943272386311]
auc_scores_per_class: [0.6524005176776502, 0.7894511446309103, 0.7816194975333047, 0.8348432225451091, 0.6980297056840316, 0.5809146066692045, 0.697287230247102, 0.7085766414360759, 0.6307735629428792, 0.6401123064336215, 0.7617186078951286, 0.6689404158372395, 0.6210383619512648, 0.5336391109733529, 0.5459702938996952]
auprc_scores_per_class: [0.04215849119389554, 0.11947610121104338, 0.2964343997307427, 0.25653536207314576, 0.28368842564762986, 0.08435052383218129, 0.08161603694870789, 0.6417227811595362, 0.13329656470088883, 0.07947964071858635, 0.41088093155016714, 0.363004409304325, 0.0391930587789296, 0.003811229862827319, 0.0822670343851085]
f1_scores_per_class: [0.10978956519898334, 0.1931034448441285, 0.3846638875790837, 0.3271580558252891, 0.34341762701867834, 0.13776721919889443, 0.14094037812713264, 0.5897291146651199, 0.21559372787931555, 0.1474336845128083, 0.46810226162093116, 0.45444649604998355, 0.0734637799570307, 0.009826959690578969, 0.1431792530899874]
recall_scores_per_class: [0.13793103448275862, 0.43891891891891893, 0.5722326454033771, 0.3882132834424696, 0.4431229033241842, 0.7325939617991374, 0.5526075022872827, 0.6358381502890174, 0.3266590389016018, 0.18722659667541558, 0.6230141691713181, 0.6830824607329843, 0.1927927927927928, 0.26744186046511625, 0.41983471074380163]
precision_scores_per_class: [0.0911854103343465, 0.12378048780487805, 0.28970364741641336, 0.2826975476839237, 0.28033957167663515, 0.07603274075968794, 0.08077025942765445, 0.5498553012365167, 0.16089039165962243, 0.1215909090909091, 0.3748869655083323, 0.34048279236666124, 0.0453774385072095, 0.00500544069640914, 0.08630648997621475]
