mean_accuracy: 0.7803042142001354
mean_auc: 0.6790312631109165
mean_f1: 0.24529212200789458
mean_auprc: 0.19307295539903085
mean_recall: 0.40310951718182747
mean_precision: 0.1929851202514432
accuracies_per_class: [0.964877324581966, 0.8854508516955775, 0.819971870604782, 0.9253008282544147, 0.7106969839037349, 0.8329426472886389, 0.9343256758868573, 0.6219721831536178, 0.8277465228942023, 0.8246601031411158, 0.7299187373027035, 0.6381856540084389, 0.9434677293327083, 0.9732770745428974, 0.07176902641037662]
auc_scores_per_class: [0.6655314487345176, 0.7669810161180596, 0.7506127649610059, 0.8069572475883569, 0.6835173169415061, 0.6047973100977047, 0.7503560536437853, 0.6983927336723386, 0.6133854059117354, 0.6568887360433154, 0.7476313453763038, 0.6655367471269218, 0.6235947100808729, 0.6628857356440248, 0.48840037472329867]
auprc_scores_per_class: [0.03941643550287943, 0.09524915999452538, 0.29232017844131264, 0.1952980372601007, 0.24542370266373603, 0.10478663297784169, 0.18360653365968196, 0.6376492423876926, 0.1215900155586056, 0.07506312291668159, 0.40826864863703866, 0.37351929218507407, 0.042082769282464086, 0.0066892003735389656, 0.07513135914428942]
f1_scores_per_class: [0.08730963973820534, 0.16657191198529553, 0.3617728485282208, 0.28174304553183044, 0.3121226153641944, 0.15660749071618185, 0.24787471536034522, 0.5879045947873665, 0.19175068308754933, 0.1395705487249599, 0.45886496601235616, 0.446741138801251, 0.0824349986090478, 0.02564102349104327, 0.13247160938057054]
recall_scores_per_class: [0.09885057471264368, 0.31675675675675674, 0.4900562851782364, 0.3507951356407858, 0.5123513266239708, 0.24460874922982132, 0.25343092406221407, 0.6999290132846567, 0.29919908466819223, 0.3184601924759405, 0.6292400171747531, 0.6117473821989529, 0.11711711711711711, 0.10465116279069768, 0.9994490358126722]
precision_scores_per_class: [0.07818181818181819, 0.11299652911685307, 0.2867178924259056, 0.23540489642184556, 0.224418915308576, 0.11517261386713083, 0.2425569176882662, 0.5067919817901462, 0.14108443485298083, 0.08936901546771421, 0.36109400024639643, 0.3518396537122424, 0.06360078277886497, 0.01461038961038961, 0.07093696230251838]
