mean_accuracy: 0.6057142857142858
mean_auc: 0.6083574236521452
mean_f1: 0.2863746757741964
mean_auprc: 0.2377728643859889
mean_recall: 0.6918650793650792
mean_precision: 0.2535805909468261
accuracies_per_class: [0.7, 0.99, 0.75, 0.77, 0.51, 0.44, 0.78, 0.86, 0.87, 0.87, 0.19, 0.36, 0.39, 0.0]
auc_scores_per_class: [0.6046037296037295, 0.8865979381443299, 0.6940559440559441, 0.548125, 0.5400815217391305, 0.5146520146520146, 0.6288659793814433, 0.8139204545454545, 0.6875, 0.731958762886598, 0.4308510638297872, 0.40816326530612246, 0.41927083333333337, nan]
auprc_scores_per_class: [0.33810145492079396, 0.6900793650793651, 0.462325500002103, 0.32996752201527785, 0.07875215740123384, 0.08570346641915401, 0.04179260637061149, 0.4739906728144207, 0.15822235003763627, 0.07099236696671915, 0.05105898808910384, 0.016138892553986893, 0.031694758733438994, 0.5]
f1_scores_per_class: [0.42307691819526627, 0.7999999952000001, 0.46808510140334997, 0.43902438524687687, 0.19672130919645262, 0.19999999775918367, 0.15384615180473374, 0.4999999951020409, 0.3157894688088643, 0.23529411474048442, 0.1290322568574402, 0.05882352884083046, 0.08955223768322566, 0.0]
recall_scores_per_class: [0.5, 0.6666666666666666, 0.5, 0.45, 0.75, 0.7777777777777778, 0.6666666666666666, 0.5833333333333334, 0.375, 0.6666666666666666, 1.0, 1.0, 0.75, 1.0]
precision_scores_per_class: [0.36666666666666664, 1.0, 0.44, 0.42857142857142855, 0.11320754716981132, 0.11475409836065574, 0.08695652173913043, 0.4375, 0.2727272727272727, 0.14285714285714285, 0.06896551724137931, 0.030303030303030304, 0.047619047619047616, 0.0]
