mean_accuracy: 0.7229999999999999
mean_auc: 0.6833181239994077
mean_f1: 0.4218308673351814
mean_auprc: 0.36641766182996455
mean_recall: 0.645492242715032
mean_precision: 0.36856405719828433
accuracies_per_class: [0.908, 0.526, 0.532, 0.53, 0.962, 0.778, 0.926, 0.966, 0.592, 0.98, 0.758, 0.798, 0.07, 0.796]
auc_scores_per_class: [0.9285793194874061, 0.6253620521355074, 0.6784948480995845, 0.4479327170005136, 0.7092225609756098, 0.733594604447685, 0.6356248627278718, 0.655698085145938, 0.7019551336384698, 0.7704231726634985, 0.8497110528360527, 0.6229838709677419, 0.3371717171717171, 0.8696997386941117]
auprc_scores_per_class: [0.6415837781111583, 0.6263418244995969, 0.4775733473328325, 0.5596229191629997, 0.18237391164774075, 0.36573421397551714, 0.16756681595767786, 0.06895753664149082, 0.4605714517601188, 0.05999017121532124, 0.6155217234301414, 0.010401878580426772, 0.006848416256254344, 0.8867592770482279]
f1_scores_per_class: [0.6349206299218948, 0.679296341911115, 0.5145228172740656, 0.6920052379382619, 0.23999999564800004, 0.4532019657113738, 0.24489795435235326, 0.26086956022684316, 0.5641025597016767, 0.16666666291666676, 0.5841924352693049, 0.038095237362358286, 0.02105263137063712, 0.8118081130879891]
recall_scores_per_class: [0.6451612903225806, 0.9920948616600791, 0.8211920529801324, 1.0, 0.375, 0.5897435897435898, 0.20689655172413793, 0.2727272727272727, 0.8627450980392157, 0.1111111111111111, 0.8173076923076923, 0.5, 1.0, 0.842911877394636]
precision_scores_per_class: [0.625, 0.5164609053497943, 0.37462235649546827, 0.5290581162324649, 0.17647058823529413, 0.368, 0.3, 0.25, 0.41904761904761906, 0.3333333333333333, 0.45454545454545453, 0.019801980198019802, 0.010638297872340425, 0.7829181494661922]
