mean_accuracy: 0.8255769130593323
mean_auc: 0.6934504205501424
mean_f1: 0.25932546014059354
mean_auprc: 0.20530223232883865
mean_recall: 0.3702542799531116
mean_precision: 0.21336033512450953
accuracies_per_class: [0.9603844350679793, 0.9143616190029692, 0.8539224878887326, 0.9192842631661197, 0.7571104860134396, 0.8616190029692139, 0.9458118456008752, 0.6596733864666354, 0.8092280043756837, 0.826340053133302, 0.7650023441162682, 0.5913814658540397, 0.9072511329895296, 0.9237380840756368, 0.6885450851695577]
auc_scores_per_class: [0.6919429677474764, 0.7684071132865263, 0.7878633944086931, 0.814992816568427, 0.6879725149729542, 0.6470474883956917, 0.7893095899267932, 0.7028279291236204, 0.6038029900659939, 0.6401646503179864, 0.7572840694977886, 0.620119984843249, 0.6723616512163295, 0.6889108694264903, 0.528748278454117]
auprc_scores_per_class: [0.046195133385512246, 0.10790648796501873, 0.33129586974826275, 0.2077522604339938, 0.2667561403751719, 0.12222616595219513, 0.2672735409123507, 0.6271944934879643, 0.11825511651521325, 0.07261157651000212, 0.4371863776870134, 0.3364918088586187, 0.04681752666830685, 0.0069456956134407565, 0.084625290819515]
f1_scores_per_class: [0.1105263110699448, 0.1881481436436901, 0.40565887287855695, 0.29246574878326376, 0.31883422351051993, 0.18160812839937626, 0.35277647656990857, 0.5892393971087344, 0.1778077075820214, 0.13234432602778223, 0.48115241475641746, 0.4091294231946443, 0.09250764191702275, 0.020080320458964407, 0.1376027662080563]
recall_scores_per_class: [0.14482758620689656, 0.2745945945945946, 0.47879924953095687, 0.39943872778297473, 0.44373284537968893, 0.24214417744916822, 0.3458371454711802, 0.6336071392353717, 0.30205949656750575, 0.29658792650918636, 0.598754830399313, 0.5924410994764397, 0.218018018018018, 0.23255813953488372, 0.3504132231404959]
precision_scores_per_class: [0.08936170212765958, 0.14309859154929577, 0.35190292333149475, 0.23068611561318206, 0.24880300957592338, 0.14528650646950092, 0.36, 0.5506786532698749, 0.12598425196850394, 0.08517587939698493, 0.4021629416005768, 0.312451462593839, 0.05870936438622028, 0.01049317943336831, 0.0856104455512182]
