mean_accuracy: 0.8453091628900349
mean_auc: 0.7075549099583763
mean_f1: 0.2785293300378778
mean_auprc: 0.22008100337423184
mean_recall: 0.3624726795257603
mean_precision: 0.24740455168294975
accuracies_per_class: [0.9688232536333802, 0.8924441318956087, 0.8509142053445851, 0.9335443037974683, 0.7676590092201907, 0.8332551961243945, 0.9561259571808095, 0.6626035318018441, 0.8775199249882795, 0.8712689482731677, 0.7708235661822159, 0.5945069542115956, 0.9299109235818097, 0.9962103453664635, 0.7740271917487107]
auc_scores_per_class: [0.7354987900906667, 0.7855985854931986, 0.8073300658971777, 0.810736725373534, 0.7258168476862467, 0.6146440829317661, 0.8009603842970998, 0.7149593361064845, 0.6198288651351772, 0.6387491650649545, 0.7615849504933927, 0.6353547885242933, 0.6911801222571559, 0.636892281184761, 0.6341886588397363]
auprc_scores_per_class: [0.05697785348253605, 0.12408846238866972, 0.35775688101862163, 0.24533677108504115, 0.29539869015975617, 0.11103050791631737, 0.2872831333102201, 0.6406026854170599, 0.13610515510349758, 0.07389837108463014, 0.4402170823443079, 0.3467928239459299, 0.05174942557443778, 0.021274036882647902, 0.11270317089980389]
f1_scores_per_class: [0.12114536945809663, 0.21049612457915506, 0.441124775557006, 0.332679477279854, 0.34755896412633386, 0.16215154650217617, 0.37086834259127344, 0.5965993971236879, 0.1947084461180135, 0.13720868918089518, 0.48768558469332995, 0.42818577042157285, 0.10923534853964173, 0.058252424428315706, 0.1800396899688149]
recall_scores_per_class: [0.12643678160919541, 0.39675675675675676, 0.5651031894934334, 0.39663236669784846, 0.4830741079597438, 0.2544670363524338, 0.302836230558097, 0.6476016631173309, 0.21681922196796338, 0.22922134733158356, 0.5993988836410477, 0.6357984293193717, 0.1981981981981982, 0.03488372093023256, 0.349862258953168]
precision_scores_per_class: [0.11627906976744186, 0.14324746291959406, 0.3617583473456642, 0.2864864864864865, 0.271418779986292, 0.11898588303082686, 0.47832369942196534, 0.5530440807136052, 0.17668997668997669, 0.09790732436472346, 0.4110718492343934, 0.3227842844090041, 0.07539410555174778, 0.17647058823529413, 0.12120633708723039]
