mean_accuracy: 0.7935714285714284
mean_auc: 0.7294133282200025
mean_f1: 0.4677178747430069
mean_auprc: 0.38946376887769346
mean_recall: 0.6260267250249247
mean_precision: 0.4114670925120644
accuracies_per_class: [0.914, 0.506, 0.692, 0.528, 0.974, 0.804, 0.914, 0.946, 0.726, 0.984, 0.828, 0.62, 0.982, 0.692]
auc_scores_per_class: [0.9391110620120783, 0.29881102878814547, 0.7745498017040171, 0.5761106831022086, 0.5367123983739838, 0.814892453518046, 0.7647338751006661, 0.8523889198735823, 0.8115688158068222, 0.8756505996831863, 0.8514471639471639, 0.6403729838709677, 0.7525252525252526, 0.7229115567739142]
auprc_scores_per_class: [0.6952998398421834, 0.3870547570417112, 0.6070464648386118, 0.6454044383434567, 0.024220387711779222, 0.479832633330272, 0.24320426484882635, 0.09445534007185169, 0.6051110635756145, 0.2331827620340015, 0.641648916781479, 0.010117387800400642, 0.04079349173988134, 0.7451210163276377]
f1_scores_per_class: [0.686131381906335, 0.6719787471980163, 0.6071428524064193, 0.6910994719168884, 0.13333332835555575, 0.5288461491586539, 0.3384615335195267, 0.22857142426122457, 0.64961636352274, 0.4285714239795918, 0.6559999951411202, 0.030612244498125784, 0.18181817685950424, 0.7158671536783949]
recall_scores_per_class: [0.7580645161290323, 1.0, 0.7880794701986755, 1.0, 0.125, 0.7051282051282052, 0.3793103448275862, 0.36363636363636365, 0.8300653594771242, 0.3333333333333333, 0.7884615384615384, 0.75, 0.2, 0.7432950191570882]
precision_scores_per_class: [0.6266666666666667, 0.506, 0.49377593360995853, 0.528, 0.14285714285714285, 0.4230769230769231, 0.3055555555555556, 0.16666666666666666, 0.5336134453781513, 0.6, 0.5616438356164384, 0.015625, 0.16666666666666666, 0.6903914590747331]
