mean_accuracy: 0.8161926342657708
mean_auc: 0.6861101065891345
mean_f1: 0.254789637486906
mean_auprc: 0.19341660921127207
mean_recall: 0.3787636922637175
mean_precision: 0.2037303345485409
accuracies_per_class: [0.9687060478199718, 0.8870917330832943, 0.8575949367088608, 0.9348726363494296, 0.768909204563213, 0.8287623066104078, 0.888459134239725, 0.6634239724957025, 0.8578293483356775, 0.8615799343647444, 0.7362087826222847, 0.4590951711204876, 0.8488826379121738, 0.9934755430536021, 0.6879981247069855]
auc_scores_per_class: [0.6771200366193438, 0.7685081181866882, 0.800675302684299, 0.7899702597656548, 0.6902388349371542, 0.6397500895634308, 0.596089863933236, 0.7059015904162876, 0.6267465208716992, 0.6802096896723226, 0.7396973782334981, 0.6179671620747216, 0.6290586501201094, 0.7429482738187486, 0.5867698279398224]
auprc_scores_per_class: [0.045567042576153786, 0.10540373968992381, 0.36428360040980434, 0.22210239518551672, 0.2645332191255727, 0.11593587807131994, 0.07083275392954778, 0.6303706653832738, 0.12591234129185863, 0.08490438139646062, 0.4034286790613381, 0.31517868180023084, 0.03781010278981027, 0.01614847289466528, 0.09883718456360419]
f1_scores_per_class: [0.10702340637576783, 0.18407678891341342, 0.4466373111073887, 0.3103020223732016, 0.3231490970393147, 0.1842546021487175, 0.12930771132255783, 0.5938811056644034, 0.19792814161544434, 0.15982925855729352, 0.4577577852304018, 0.4193751272423071, 0.07019230538002157, 0.07734806131070512, 0.16078183802265134]
recall_scores_per_class: [0.1103448275862069, 0.35243243243243244, 0.5519699812382739, 0.3507951356407858, 0.4306190911863373, 0.3049907578558225, 0.1939615736505032, 0.6387790284960957, 0.2568649885583524, 0.29483814523184604, 0.6118505796479176, 0.8180628272251309, 0.26306306306306304, 0.08139534883720931, 0.4214876033057851]
precision_scores_per_class: [0.1038961038961039, 0.12457011845624762, 0.3750637429882713, 0.27818991097922846, 0.25860805860805863, 0.132, 0.0969807868252516, 0.5548801973220577, 0.16098960200788814, 0.1096291476903058, 0.36566589684372597, 0.2819601872215643, 0.04049930651872399, 0.07368421052631578, 0.09933774834437085]
