mean_accuracy: 0.7658852945772777
mean_auc: 0.678265370292263
mean_f1: 0.23658365900554637
mean_auprc: 0.18072826262602976
mean_recall: 0.42577679008616837
mean_precision: 0.1841642204635673
accuracies_per_class: [0.9672995780590717, 0.8026644788248164, 0.8038365369588998, 0.9116658852945773, 0.6372870761056415, 0.7174167838724801, 0.9458118456008752, 0.652758243475543, 0.5328957649632755, 0.8520081262697297, 0.724644475699328, 0.4900765744647601, 0.8207923112986404, 0.9676121268948273, 0.6615096108766995]
auc_scores_per_class: [0.7479768680502163, 0.7131161983596016, 0.7098240721021045, 0.7625715201395245, 0.6411647028989521, 0.5869662777073169, 0.763555848922508, 0.7076461834433485, 0.5827792024929819, 0.6540979089673661, 0.739386609778954, 0.6461088130373587, 0.6260040560507794, 0.6337168278741578, 0.6590654645587728]
auprc_scores_per_class: [0.05775730043156195, 0.07703852588189816, 0.25817569682672226, 0.1873851612704068, 0.19653290837083887, 0.08663435146927824, 0.17976282683139996, 0.6380884886547926, 0.08665012429531303, 0.08964350686090893, 0.3724588173112841, 0.32893315352904406, 0.03165030125570745, 0.0047691042295290535, 0.11544367217176135]
f1_scores_per_class: [0.12539184457110306, 0.13198143743612265, 0.32194462739800705, 0.2647154426187291, 0.28419429074784536, 0.14995886399475797, 0.24249043756916583, 0.588022614857, 0.14514514295791328, 0.1585961756872192, 0.43371363825371706, 0.4359550522924555, 0.06406855542888976, 0.014268725869067835, 0.18830803540120186]
recall_scores_per_class: [0.13793103448275862, 0.4151351351351351, 0.4472795497185741, 0.3807296538821328, 0.562061604147606, 0.3930991990141713, 0.2031107044830741, 0.6432410506033871, 0.5806636155606407, 0.3123359580052493, 0.5794332331472735, 0.8252617801047121, 0.2828828828828829, 0.06976744186046512, 0.5537190082644629]
precision_scores_per_class: [0.11494252873563218, 0.07846342460155292, 0.2514767932489452, 0.2028913260219342, 0.1901764523784955, 0.0926517571884984, 0.3008130081300813, 0.5415350465294971, 0.08293838862559241, 0.10628163143792796, 0.3465588084232152, 0.2962179938924125, 0.03612517257248044, 0.007947019867549669, 0.11344395529969523]
