mean_accuracy: 0.8172631140282337
mean_auc: 0.7026250121041808
mean_f1: 0.271757497057629
mean_auprc: 0.21382087271286684
mean_recall: 0.40589007415593414
mean_precision: 0.2184324378832484
accuracies_per_class: [0.9420221909673386, 0.908071573683388, 0.8527113611501798, 0.9191279887482419, 0.7494139709329583, 0.8321612751992499, 0.9444444444444444, 0.6606891701828411, 0.5867713705266447, 0.8781450226597906, 0.780239099859353, 0.6095483669323332, 0.9148304422566026, 0.9944913267698078, 0.6862791061103297]
auc_scores_per_class: [0.7275081806499477, 0.747387599183635, 0.825051899314879, 0.768725998415751, 0.7210441747739122, 0.6111546238131575, 0.8275941639276464, 0.7089152663393911, 0.5648135536314277, 0.6314923456103176, 0.7274425617172062, 0.6665119356223015, 0.6873655493279309, 0.6513530945456866, 0.6730142346895217]
auprc_scores_per_class: [0.05526970465901967, 0.1097794858579321, 0.3755634416913991, 0.17941558043987088, 0.28872618268842754, 0.10768354302612229, 0.2950468825574228, 0.628574969036037, 0.11672676709937413, 0.08034181695231159, 0.4132152829097544, 0.37084662122179335, 0.05177444321718225, 0.005778217489543253, 0.12857015184681242]
f1_scores_per_class: [0.13012895282435358, 0.20156090509221342, 0.4696117004338424, 0.25378514306383726, 0.3452429518549911, 0.16355139754624462, 0.38066201591739995, 0.5961028644013656, 0.14043071678230645, 0.14148086549191377, 0.4700894910711087, 0.4515420875184714, 0.10582444275097072, 0.027586202069917607, 0.19876271904549864]
recall_scores_per_class: [0.25517241379310346, 0.3210810810810811, 0.626266416510319, 0.3292797006548176, 0.5157060079292467, 0.2587800369685767, 0.39981701738334857, 0.6499340837643242, 0.494279176201373, 0.22484689413823272, 0.5356376127093173, 0.6731020942408377, 0.23243243243243245, 0.023255813953488372, 0.5487603305785124]
precision_scores_per_class: [0.08733280881195908, 0.14688427299703263, 0.3756470853027234, 0.2064516129032258, 0.2594752186588921, 0.11955593509820667, 0.3632585203657523, 0.5505067857756399, 0.08184143222506395, 0.10321285140562249, 0.41883498405237535, 0.33971924029727496, 0.0685077004779607, 0.03389830508474576, 0.12135981479225051]
