mean_accuracy: 0.8035714285714286
mean_auc: 0.7311306057938569
mean_f1: 0.4609834340391181
mean_auprc: 0.4068601825908524
mean_recall: 0.6009088554112045
mean_precision: 0.40870885129346973
accuracies_per_class: [0.92, 0.524, 0.63, 0.538, 0.956, 0.854, 0.83, 0.97, 0.708, 0.976, 0.846, 0.798, 0.98, 0.72]
auc_scores_per_class: [0.9250257769921932, 0.5196108239586501, 0.695364238410596, 0.6774123651771958, 0.7023628048780488, 0.7953426904848706, 0.6444468848378359, 0.7467001301357129, 0.7643480062534139, 0.8690880289658293, 0.7928078865578865, 0.6723790322580645, 0.654949494949495, 0.7759903172542042]
auprc_scores_per_class: [0.614010605808484, 0.49637503302748914, 0.5140369796305755, 0.7137219687769365, 0.19174754494241886, 0.5378501095333077, 0.09630206028727387, 0.1462183516025994, 0.5392939263401139, 0.39228322922277936, 0.5977917919633715, 0.011819789865729725, 0.028620909316347774, 0.815970255954507]
f1_scores_per_class: [0.6721311425423273, 0.6792452785246765, 0.540942923353755, 0.6956521693761816, 0.26666666275555556, 0.5165562863962109, 0.220183482333137, 0.21052631091412755, 0.6054054005550037, 0.49999999531250006, 0.5925925876431232, 0.038095237362358286, 0.1666666618055557, 0.7491039376731414]
recall_scores_per_class: [0.6612903225806451, 0.9960474308300395, 0.7218543046357616, 1.0, 0.5, 0.5, 0.41379310344827586, 0.18181818181818182, 0.7320261437908496, 0.6666666666666666, 0.5384615384615384, 0.5, 0.2, 0.8007662835249042]
precision_scores_per_class: [0.6833333333333333, 0.5153374233128835, 0.43253968253968256, 0.5333333333333333, 0.18181818181818182, 0.5342465753424658, 0.15, 0.25, 0.5161290322580645, 0.4, 0.6588235294117647, 0.019801980198019802, 0.14285714285714285, 0.7037037037037037]
