mean_accuracy: 0.44871594519977076
mean_auc: 0.5655453819903206
mean_f1: 0.18163940889220084
mean_auprc: 0.1250946944756174
mean_recall: 0.7038280434050266
mean_precision: 0.11713663056640304
accuracies_per_class: [0.017307391779965618, 0.5498515393030161, 0.4583137990310986, 0.5072276918268479, 0.12884825754024065, 0.06348648226285357, 0.8326691670573527, 0.5779418659165495, 0.07184716361931552, 0.5719643694327239, 0.41221284575714956, 0.4853492733239569, 0.8052820753242694, 0.6899124863259884, 0.5585247694952337]
auc_scores_per_class: [0.4684362361563942, 0.5759328547468469, 0.5712248336493287, 0.5295791892426982, 0.4509206067776924, 0.4669693099746457, 0.6426444262720561, 0.6905638002811691, 0.4648890916306708, 0.5470838606630843, 0.6373472093548512, 0.6074955380223376, 0.5946620515327835, 0.6001634106096105, 0.6352683109406392]
auprc_scores_per_class: [0.01505033043123771, 0.041154940530546004, 0.1294438949898493, 0.04820992324968082, 0.11344137801493998, 0.062172729763202955, 0.06899394733298658, 0.6341834209168365, 0.06427692572703034, 0.053094824991589185, 0.23482528487087956, 0.28137500195787085, 0.029671137242735266, 0.004234424600790921, 0.09629225251408535]
f1_scores_per_class: [0.033431963703086855, 0.08482922818579934, 0.2063991731915919, 0.0860807173593258, 0.22715929370141066, 0.11926369436292208, 0.13282040554314947, 0.5707815121796305, 0.12789545050781223, 0.09364658994883884, 0.36687286643526207, 0.4349989238603935, 0.05606060417931093, 0.011704644290675961, 0.17264606593380263]
recall_scores_per_class: [1.0, 0.5772972972972973, 0.6765478424015009, 0.5556594948550047, 0.9993900579444953, 1.0, 0.3000914913083257, 0.7284251090153129, 0.9965675057208238, 0.49518810148731407, 0.9358093602404466, 0.8296793193717278, 0.26666666666666666, 0.5465116279069767, 0.6495867768595042]
precision_scores_per_class: [0.017000156323276536, 0.045777968281183024, 0.12177495609887884, 0.04665409990574929, 0.12814296328158606, 0.06341329999218567, 0.08528341133645345, 0.46923177423569373, 0.06833248342682305, 0.05171311100959342, 0.22816016749542004, 0.29477416729640177, 0.03132275132275132, 0.005915670232850849, 0.09955247825719835]
