mean_accuracy: 0.5827142857142856
mean_auc: 0.5365318585271254
mean_f1: 0.3550534770621646
mean_auprc: 0.22714219876249273
mean_recall: 0.7614756138900614
mean_precision: 0.26298587252686395
accuracies_per_class: [0.896, 0.508, 0.302, 0.718, 0.416, 0.166, 0.806, 0.902, 0.524, 0.858, 0.216, 0.616, 0.708, 0.522]
auc_scores_per_class: [0.88240167918692, 0.2657022611256021, 0.36771096225734834, 0.7347762583461737, 0.5118140243902439, 0.26553955523149836, 0.7738487444176001, 0.8266406395240751, 0.6443559171987718, 0.5904050690201403, 0.3463723776223776, 0.44606854838709675, 0.4634343434343434, 0.3923756392375639]
auprc_scores_per_class: [0.5236773637361819, 0.36673639785376144, 0.23800606619806994, 0.6924173699982785, 0.014937091005269663, 0.10098165583053346, 0.13113197344105978, 0.07697416122062606, 0.41154098294562524, 0.0230497629600264, 0.15279638748442137, 0.00676526716060938, 0.00910344568456779, 0.43187285715586693]
f1_scores_per_class: [0.6060606010789715, 0.6728723359605945, 0.4639016861451483, 0.7827426762215665, 0.04575163347772225, 0.2722513065486144, 0.29197079958229, 0.16949152239011783, 0.5102880615294925, 0.0779220758576489, 0.34448160247782467, 0.020408162865472725, 0.026666666022222237, 0.685939548712618]
recall_scores_per_class: [0.6451612903225806, 1.0, 1.0, 0.9621212121212122, 0.875, 1.0, 0.6896551724137931, 0.45454545454545453, 0.8104575163398693, 0.3333333333333333, 0.9903846153846154, 0.5, 0.4, 1.0]
precision_scores_per_class: [0.5714285714285714, 0.5070140280561122, 0.302, 0.6597402597402597, 0.02348993288590604, 0.15757575757575756, 0.18518518518518517, 0.10416666666666667, 0.37237237237237236, 0.04411764705882353, 0.20850202429149797, 0.010416666666666666, 0.013793103448275862, 0.522]
