mean_accuracy: 0.6840287544928895
mean_auc: 0.6180938754787106
mean_f1: 0.20565161791445327
mean_auprc: 0.14526972044325837
mean_recall: 0.4654541580675898
mean_precision: 0.14843198072734703
accuracies_per_class: [0.6148226285357087, 0.857438662290983, 0.6674480387560556, 0.9267463666197844, 0.525785278949836, 0.49124863259884355, 0.9289732770745429, 0.5796608845132052, 0.37689482731676827, 0.7363650570401625, 0.695186747929364, 0.23898265353961556, 0.8831067354274106, 0.995116424441319, 0.7426551023597437]
auc_scores_per_class: [0.5812717364540178, 0.6382781841466126, 0.6640893150124982, 0.7366629578300586, 0.6178021962314262, 0.5605239196622386, 0.7017876594381576, 0.6716565858054863, 0.5294368265413986, 0.6024484129194725, 0.6898159396440885, 0.4558139049989735, 0.5862462318554328, 0.6524908152753593, 0.5830834463654401]
auprc_scores_per_class: [0.020385135281570932, 0.06418104235770286, 0.1888856250979222, 0.143647550544717, 0.17032032575146683, 0.07236418489322137, 0.12677358143917714, 0.5735536968241798, 0.07584719774508938, 0.06103746956593683, 0.3344172833173498, 0.21584076934754967, 0.031329051403303665, 0.005430339036186773, 0.09503255404350132]
f1_scores_per_class: [0.0419784269427411, 0.12598802050270724, 0.25801952223516766, 0.22166873727996292, 0.26711749471101, 0.13302263455709024, 0.18621306572746507, 0.5708245195403624, 0.1318382215647729, 0.10811524988018424, 0.4049725396533573, 0.38557864875016773, 0.06907280361442773, 0.015748027123815463, 0.16461635663356702]
recall_scores_per_class: [0.496551724137931, 0.2843243243243243, 0.5553470919324578, 0.24976613657623947, 0.6745959133882281, 0.6155268022181146, 0.19030192131747484, 0.725585640401582, 0.6927917620137299, 0.357830271216098, 0.5699871189351653, 1.0, 0.2, 0.011627906976744186, 0.3575757575757576]
precision_scores_per_class: [0.021915584415584416, 0.08092307692307692, 0.16804814352219824, 0.19925373134328359, 0.16652864563728073, 0.0745689333432858, 0.18229623137598597, 0.47047606522882696, 0.07285086927750707, 0.06367740931029114, 0.3140525195173882, 0.23883396506584345, 0.04174501692365551, 0.024390243902439025, 0.10691927512355849]
