mean_accuracy: 0.7929520237537114
mean_auc: 0.6794285726478203
mean_f1: 0.24639810221383368
mean_auprc: 0.18875249649384723
mean_recall: 0.40428032271536885
mean_precision: 0.19075892585370588
accuracies_per_class: [0.9651117362087827, 0.8783403656821378, 0.8008282544147522, 0.9181903422409752, 0.6894045944678856, 0.8270432880137522, 0.9300671979996874, 0.6192373808407564, 0.8084857008907642, 0.8916627598062197, 0.7483591186122832, 0.5956008751367401, 0.8631426785435224, 0.7448429442100328, 0.6139631192373809]
auc_scores_per_class: [0.7512470266198326, 0.778655188770709, 0.715868201717478, 0.7030846058311944, 0.7160205912086871, 0.6518298633302783, 0.7860559225733287, 0.6682578112213533, 0.6411798944804509, 0.598047107993233, 0.7515587536221459, 0.6700375118166496, 0.62035868383059, 0.5569958885252478, 0.5822315381761234]
auprc_scores_per_class: [0.05826996141815816, 0.11008303128921222, 0.24644338643038666, 0.14067940322984265, 0.26833733903990725, 0.12074222972173006, 0.242580347140494, 0.5581018777814927, 0.12907413565290984, 0.07131485668493578, 0.3971799166176451, 0.36038527712816254, 0.03635210511927154, 0.0037553074505444106, 0.08798827270301539]
f1_scores_per_class: [0.12365063298717904, 0.1882168889366599, 0.30639455320078673, 0.20621682611214714, 0.33705803471912027, 0.19052842881202162, 0.29968700605939025, 0.5807450695363127, 0.2013685198755336, 0.12440795244407607, 0.45851197505849633, 0.4529358869640538, 0.06361935058721001, 0.00940391298383679, 0.1532264949306808]
recall_scores_per_class: [0.14482758620689656, 0.3902702702702703, 0.4225140712945591, 0.25444340505144997, 0.6163464470875267, 0.32101047443006775, 0.3504117108874657, 0.684514755095832, 0.35354691075514877, 0.17235345581802275, 0.5854443967367969, 0.7010798429319371, 0.21441441441441442, 0.36046511627906974, 0.4925619834710744]
precision_scores_per_class: [0.10787671232876712, 0.12401236688423223, 0.24034151547491997, 0.17335882727852134, 0.2319522552507747, 0.13546541861674466, 0.2617908407382092, 0.5042958535674262, 0.14077448747152618, 0.09733201581027667, 0.37681359679425175, 0.33453040830665937, 0.037350910232266166, 0.004764100199784847, 0.09072457885122792]
