mean_accuracy: 0.617820492785331
mean_auc: 0.6306597044636963
mean_f1: 0.2146546579319024
mean_auprc: 0.16105236597242328
mean_recall: 0.5467002207211685
mean_precision: 0.15950868978075095
accuracies_per_class: [0.9620643850601657, 0.2465228942022191, 0.6876855758712299, 0.9245585247694952, 0.7405453977183934, 0.6958509142053446, 0.9092827004219409, 0.6091186122831692, 0.06837005782153462, 0.8645491483044225, 0.6746757305829035, 0.6049382716049383, 0.3448585716518206, 0.8632598843569308, 0.0710267229254571]
auc_scores_per_class: [0.7135413911421936, 0.49521563231587146, 0.7030294407163082, 0.8022895521908752, 0.6676359339311705, 0.5688306178502982, 0.7091638497950417, 0.684413741860285, 0.39809919344252725, 0.6842292742278929, 0.6265256353368782, 0.6618860640856077, 0.5417252282832732, 0.7013713272496878, 0.5019386845275351]
auprc_scores_per_class: [0.04521287918163794, 0.033102796238127355, 0.19709601124433257, 0.20150381565689138, 0.23300243796544634, 0.08412913904849356, 0.11816797465321055, 0.6014106177681344, 0.05251712125677303, 0.09112637472700429, 0.2925334760329042, 0.36122464288604117, 0.024652662899999976, 0.006138030808182662, 0.07396750921917013]
f1_scores_per_class: [0.1017576270128819, 0.075100708916203, 0.27445997091958985, 0.2903344310987014, 0.30219606567353385, 0.1423377738618447, 0.17601135082281816, 0.5791089935044131, 0.12786189625027528, 0.15992245783165226, 0.35031598195338537, 0.4438455570812775, 0.04727004086415593, 0.016853932112795116, 0.13244308107500888]
recall_scores_per_class: [0.12643678160919541, 0.8464864864864865, 0.5673545966228893, 0.3695042095416277, 0.43854833790789877, 0.39802834257547753, 0.22689844464775846, 0.6980022310110536, 1.0, 0.2887139107611549, 0.4819665092314298, 0.6601767015706806, 0.7495495495495496, 0.3488372093023256, 1.0]
precision_scores_per_class: [0.08513931888544891, 0.039293420986601095, 0.1810128097689453, 0.2391041162227603, 0.23052260339852518, 0.08666487791789643, 0.14376811594202898, 0.49482386772106396, 0.06829725716964914, 0.11058981233243968, 0.2751562691506312, 0.33429991714995855, 0.024404552387656927, 0.008635578583765112, 0.07091782909389287]
