mean_accuracy: 0.42901495025264363
mean_auc: 0.5242976946514738
mean_f1: 0.1865719281044794
mean_auprc: 0.11980095042283784
mean_recall: 0.7004343851815256
mean_precision: 0.12584651826998958
accuracies_per_class: [0.9257305829035787, 0.3282153461478356, 0.7139006094702297, 0.9245585247694952, 0.12814502265979058, 0.06454133458352868, 0.06497108923269261, 0.6329895296140022, 0.06872167526175965, 0.817705891545554, 0.18205969682762932, 0.270042194092827, 0.2540240662603532, 0.9869901547116737, 0.07262853570870449]
auc_scores_per_class: [0.5439566890375408, 0.5236847507797205, 0.6557775291777936, 0.6531315997265075, 0.47241721058769437, 0.47477992994737683, 0.4205404540153961, 0.7057776883233668, 0.3632592133857681, 0.6757205307419425, 0.32309781796229975, 0.50844825792085, 0.4592941809666381, 0.651390699497689, 0.433188867701523]
auprc_scores_per_class: [0.021440720345145124, 0.03474978504249461, 0.18225773803178402, 0.10661927091326595, 0.12681138781650658, 0.0572869669722986, 0.03341984256784969, 0.6329480293250491, 0.0491152607817485, 0.08385792653307467, 0.12579583129586455, 0.2489450008317141, 0.01819046052132342, 0.013833596453149771, 0.06174243891129889]
f1_scores_per_class: [0.05375808520844871, 0.0794475069551976, 0.2618687593002277, 0.1708887885072217, 0.22712474689573395, 0.1193173447652536, 0.08235880445750189, 0.5916717329094098, 0.1279039976320112, 0.1463593088035629, 0.30794657943885206, 0.38664565367627385, 0.04348261643165071, 0.06722688709899667, 0.1325781094868489]
recall_scores_per_class: [0.12413793103448276, 0.8021621621621622, 0.4874296435272045, 0.186155285313377, 1.0, 0.9993838570548367, 0.9826166514181153, 0.6901936923232938, 1.0, 0.34995625546806647, 1.0, 0.9635143979057592, 0.781981981981982, 0.13953488372093023, 0.9994490358126722]
precision_scores_per_class: [0.03430749682337993, 0.04179339867072209, 0.17902425578831313, 0.15793650793650793, 0.12811095917171322, 0.06344611773909642, 0.04298063070273731, 0.5177634081399772, 0.06832128200117256, 0.09252833680314597, 0.18199578026099866, 0.24184804928131418, 0.022363064873499254, 0.04428044280442804, 0.07099804305283758]
