mean_accuracy: 0.6170000000000001
mean_auc: 0.6067093566111335
mean_f1: 0.23509071980156757
mean_auprc: 0.14627831053097698
mean_recall: 0.59867684025438
mean_precision: 0.17396884006556332
accuracies_per_class: [0.029, 0.801, 0.822, 0.941, 0.37, 0.452, 0.788, 0.604, 0.089, 0.906, 0.168, 0.709, 0.943, 0.99, 0.643]
auc_scores_per_class: [0.30959699453551914, 0.7488659793814432, 0.7568234420717062, 0.7229222137694941, 0.5387687236698393, 0.5135016237142263, 0.6838032521871433, 0.7229030998737458, 0.3841009009009009, 0.6946695638556104, 0.3375877611164081, 0.6946119751120019, 0.5454545454545454, 0.7673019057171514, 0.6797283678072659]
auprc_scores_per_class: [0.01643618698999997, 0.06047723056374685, 0.22258030880740132, 0.1473006682762353, 0.1277837235922733, 0.0657251787583582, 0.07773202426976968, 0.684131536499964, 0.05684900450838627, 0.09936645532029506, 0.12288279500186737, 0.3673307508835064, 0.02319675799407303, 0.02266671241897962, 0.09971532407979838]
f1_scores_per_class: [0.04710500444681571, 0.13100436453538264, 0.3776223730334002, 0.30588234794740493, 0.23543689078471108, 0.13836477798925081, 0.17187499715332036, 0.6214149092167924, 0.14137605900662778, 0.18965516743757443, 0.2852233652521227, 0.4478178319957945, 0.06557376597688826, 0.16666666291666676, 0.20134227933076088]
recall_scores_per_class: [1.0, 0.5, 0.5294117647058824, 0.29545454545454547, 0.8362068965517241, 0.6567164179104478, 0.5, 0.8044554455445545, 1.0, 0.2037037037037037, 1.0, 0.5539906103286385, 0.09523809523809523, 0.3333333333333333, 0.6716417910447762]
precision_scores_per_class: [0.024120603015075376, 0.07537688442211055, 0.29347826086956524, 0.3170731707317073, 0.1370056497175141, 0.0773286467486819, 0.10377358490566038, 0.5062305295950156, 0.07606490872210954, 0.1774193548387097, 0.16633266533066132, 0.37579617834394907, 0.05, 0.1111111111111111, 0.11842105263157894]
