mean_accuracy: 0.6830702713965724
mean_auc: 0.6550718588254612
mean_f1: 0.230016639926332
mean_auprc: 0.16568723045194136
mean_recall: 0.5097028645291904
mean_precision: 0.16431539388456623
accuracies_per_class: [0.9543288013752149, 0.8833802156586966, 0.812744178777934, 0.929676511954993, 0.6749492108141897, 0.4806219721831536, 0.5099624941397093, 0.586966713548992, 0.06833098921706517, 0.8609939052977028, 0.6840912642600406, 0.2851617440225035, 0.8954133458352868, 0.9807782466010314, 0.6386544772620723]
auc_scores_per_class: [0.6885671905114967, 0.8005380208955256, 0.7917877459771434, 0.7971175539237929, 0.6539646103786381, 0.554315649159525, 0.543989814866294, 0.6847469176494486, 0.3972660181147266, 0.6859772486930934, 0.7422111739987132, 0.5418453621430284, 0.6487474056061572, 0.6359965996007038, 0.6590065708636302]
auprc_scores_per_class: [0.04505039173727027, 0.10855309028391419, 0.2820267309233171, 0.198581245516251, 0.20814459469334626, 0.0705156771112153, 0.04973637356759496, 0.6079136584787008, 0.05247097830641762, 0.09465750634666573, 0.3614662448143646, 0.25388064536586064, 0.03843004229465404, 0.006312941921633416, 0.10756833541791494]
f1_scores_per_class: [0.09729729283582556, 0.18331052973514167, 0.37745161256653254, 0.2828685210062412, 0.2937181623662478, 0.13518084640692024, 0.08851100791194554, 0.5714980496759748, 0.1278572200298045, 0.16985533906587869, 0.43776942963512644, 0.3875071101921548, 0.0847863217115057, 0.031496060179490616, 0.18114209557619018]
recall_scores_per_class: [0.14482758620689656, 0.3621621621621622, 0.5452157598499062, 0.33208606173994387, 0.5275998780115889, 0.6401725200246458, 0.5571820677035682, 0.7149376331000913, 1.0, 0.3184601924759405, 0.6758265349935595, 0.9469895287958116, 0.22342342342342342, 0.09302325581395349, 0.5636363636363636]
precision_scores_per_class: [0.07325581395348837, 0.1227106227106227, 0.288637266587207, 0.24635669673837612, 0.20350546994471239, 0.07556913230053094, 0.048073886959267446, 0.47599756937411386, 0.06829458878687243, 0.11581291759465479, 0.3237350884409708, 0.24359244139556416, 0.05232067510548523, 0.018957345971563982, 0.1079113924050633]
