mean_accuracy: 0.098
mean_auc: 0.4984949703571432
mean_f1: 0.16251878264757197
mean_auprc: 0.4796159703349734
mean_recall: 1.0
mean_precision: 0.09679972517607786
accuracies_per_class: [0.012, 0.036, 0.099, 0.04, 0.138, 0.067, 0.044, 0.385, 0.077, 0.037, 0.19, 0.253, 0.02, 0.003, 0.069]
auc_scores_per_class: [0.501010101010101, 0.5010351966873706, 0.5011074197120708, 0.501039501039501, 0.5011574074074074, 0.5010695187165776, 0.5010438413361169, 0.4983739837398374, 0.49396929824561403, 0.4866441908713693, 0.49798245614035086, 0.49869041382923, 0.5010183299389002, 0.5, 0.49328289668270053]
auprc_scores_per_class: [0.5050100200400801, 0.5170340681362725, 0.5485971943887775, 0.5190380761523046, 0.5681362725450901, 0.532565130260521, 0.5210420841683366, 0.1925, 0.5314967034326806, 0.5041466817518921, 0.5925573009461312, 0.6247757209037595, 0.5090180360721442, 0.001001001001001001, 0.5273212652256102]
f1_scores_per_class: [0.019841269644825528, 0.06589147223101077, 0.17716894815694423, 0.07335907265239042, 0.23985890441464564, 0.12229538925634245, 0.08076922999415682, 0.5559566746862334, 0.14139534752321906, 0.06956521671984878, 0.31932772840901075, 0.4038308028425315, 0.03543307051808855, 0.003996003956123797, 0.1290926087082076]
recall_scores_per_class: [1.0, 1.0, 1.0, 1.0, 1.0, 1.0, 1.0, 1.0, 1.0, 1.0, 1.0, 1.0, 1.0, 1.0, 1.0]
precision_scores_per_class: [0.01002004008016032, 0.03406813627254509, 0.09719438877755511, 0.03807615230460922, 0.13627254509018036, 0.06513026052104208, 0.04208416833667335, 0.385, 0.07607607607607608, 0.036036036036036036, 0.19, 0.253, 0.018036072144288578, 0.002002002002002002, 0.069]
