mean_accuracy: 0.8173751106943795
mean_auc: 0.6985109793439765
mean_f1: 0.25893644826311685
mean_auprc: 0.20220586719531322
mean_recall: 0.4060893499666903
mean_precision: 0.20121243710402628
accuracies_per_class: [0.9250273480231286, 0.8115330520393812, 0.8291529926551023, 0.9121347085482107, 0.6980387560556337, 0.81657290201594, 0.918346616658853, 0.6597515236755743, 0.8733786529145179, 0.8136427566807314, 0.7525003906860447, 0.6335364900765744, 0.9165885294577277, 0.9896858884200657, 0.7107360525082044]
auc_scores_per_class: [0.7137559633203547, 0.7739750686603266, 0.7569644654658976, 0.8139814075574605, 0.7239254315021639, 0.6402411431282867, 0.7705112867968928, 0.7003579690974324, 0.6188246864005982, 0.6944248289047295, 0.7775669531764045, 0.661814846770501, 0.5925136469883086, 0.74359348363159, 0.4952135087586995]
auprc_scores_per_class: [0.04657162967770087, 0.09655606556955801, 0.2881600085431568, 0.19497590273789434, 0.27978385803005706, 0.1163337627494363, 0.19915312658050177, 0.6410994479988827, 0.14086602211324173, 0.08899315952596759, 0.44791622205332493, 0.36724833701653287, 0.03277116813236296, 0.015871216998394697, 0.07678808020268585]
f1_scores_per_class: [0.11116257204858501, 0.165109031578689, 0.3789234436690683, 0.2780096263104814, 0.3432747007130139, 0.17703768216905488, 0.2651195451973237, 0.5843951274439394, 0.20505272995560034, 0.16520825721260068, 0.4907146829910269, 0.4483001953713508, 0.06809253233915359, 0.07042253098889134, 0.1332240659579732]
recall_scores_per_class: [0.27586206896551724, 0.5156756756756756, 0.5005628517823639, 0.40505144995322734, 0.6160414760597743, 0.3111521873074553, 0.34492223238792313, 0.6209309400669303, 0.2391304347826087, 0.41294838145231844, 0.6552168312580506, 0.6235274869109948, 0.14054054054054055, 0.11627906976744186, 0.3134986225895317]
precision_scores_per_class: [0.06960556844547564, 0.09828971770039151, 0.30484460694698357, 0.21163245356793745, 0.23792697290930506, 0.12371386575208232, 0.2153055396916048, 0.5519199567333694, 0.1794761700300558, 0.10325968059505579, 0.3922375016064773, 0.3499540863177227, 0.044930875576036866, 0.050505050505050504, 0.08458451018284525]
