mean_accuracy: 0.7255039849976559
mean_auc: 0.6617209189207007
mean_f1: 0.23902685304733143
mean_auprc: 0.1859174537658177
mean_recall: 0.4666835617431341
mean_precision: 0.18824245469132828
accuracies_per_class: [0.922019065478981, 0.8386075949367089, 0.8182919206125957, 0.9259259259259259, 0.7340209407719956, 0.3325910298484138, 0.9396780746991718, 0.6577980934521019, 0.6947179246757306, 0.8507188623222378, 0.7531254883575559, 0.6049773402094077, 0.9340521956555712, 0.8050085950929833, 0.0710267229254571]
auc_scores_per_class: [0.5648618757272132, 0.7878185242110498, 0.7569611681933802, 0.8145393158483675, 0.6596911906309708, 0.5180233441405726, 0.7631482397043154, 0.7032380659969251, 0.5418213737538353, 0.6816702378934731, 0.7770701378840332, 0.6449909883770923, 0.5950078627807153, 0.7148382303337496, 0.40213322833481785]
auprc_scores_per_class: [0.023024406097330814, 0.1062634708561896, 0.28388766875753274, 0.20957540590679485, 0.2261361427169854, 0.06440506559506898, 0.18033853410884598, 0.6372043543831964, 0.08180612030958759, 0.0904167638371129, 0.4296269608291904, 0.35996821116986283, 0.03273168449734089, 0.005997645608628522, 0.057379371813597146]
f1_scores_per_class: [0.04770992037480083, 0.17725552378175383, 0.35857122690520526, 0.289355317536141, 0.29901152765252814, 0.12408347281142672, 0.2668565951971486, 0.5902988864655568, 0.13942730966632, 0.1644434688068556, 0.48412114803384004, 0.4305907484279601, 0.06740331066496777, 0.013831258310457907, 0.13244308107500888]
recall_scores_per_class: [0.11494252873563218, 0.4810810810810811, 0.4878048780487805, 0.36108512628624884, 0.44281793229643185, 0.7455329636475663, 0.25709057639524246, 0.6398945340229185, 0.3621281464530893, 0.3289588801399825, 0.6365392872477458, 0.6254908376963351, 0.10990990990990991, 0.4069767441860465, 1.0]
precision_scores_per_class: [0.030102347983142687, 0.108642578125, 0.28347143480157, 0.241400875547217, 0.22571117674490906, 0.06767337807606263, 0.2773938795656466, 0.5478381663483244, 0.08633387888707038, 0.10962099125364431, 0.39059412462126203, 0.32829540575354227, 0.04860557768924303, 0.007035175879396985, 0.07091782909389287]
