mean_accuracy: 0.8111241339792676
mean_auc: 0.7182691194130988
mean_f1: 0.2887524014433071
mean_auprc: 0.22061291676828423
mean_recall: 0.4370608157146506
mean_precision: 0.2296340321742937
accuracies_per_class: [0.953469292076887, 0.8630254727301141, 0.8349351461165807, 0.9306922956711986, 0.7746522894202219, 0.5328566963588061, 0.9017424597593374, 0.6238474761681513, 0.8375136740115643, 0.8999453039537427, 0.7635177371464291, 0.5107829348335677, 0.9328020003125488, 0.9958587279262385, 0.8112205032036256]
auc_scores_per_class: [0.7270096897817139, 0.8051507240692924, 0.809786198468151, 0.8462438427661267, 0.6950111593814503, 0.5819211816620871, 0.7623904297022239, 0.7107970797259536, 0.697021088748957, 0.6904506472126308, 0.7571771938177615, 0.6358558834957614, 0.6368558087259417, 0.8130527927944354, 0.6053130708439951]
auprc_scores_per_class: [0.056667988186724215, 0.12858398072540864, 0.35660343727682414, 0.24871858813202274, 0.2798236299568756, 0.09275004696410341, 0.12942491524758779, 0.639473619850944, 0.17618470864478, 0.10963012869647085, 0.4254309598936756, 0.32240519648700194, 0.04394401676033929, 0.18699467892846366, 0.11255785577304164]
f1_scores_per_class: [0.12747252313005691, 0.20714608443461224, 0.42882249099675374, 0.32649961552657586, 0.335177496450582, 0.1372393369897775, 0.22734254546248647, 0.5951900388727164, 0.2574540217729988, 0.18672594011989485, 0.47415515111960665, 0.432829056599353, 0.08704882811566074, 0.3291139190898895, 0.1790689729686418]
recall_scores_per_class: [0.2, 0.49513513513513513, 0.5951219512195122, 0.402245088868101, 0.4434278743519366, 0.5859519408502772, 0.33851784080512354, 0.7177771017138221, 0.41247139588100684, 0.2572178477690289, 0.58587376556462, 0.7817408376963351, 0.14774774774774774, 0.3023255813953488, 0.2903581267217631]
precision_scores_per_class: [0.0935483870967742, 0.13096940234486704, 0.33516483516483514, 0.2747603833865815, 0.2694089308875301, 0.07772147760706113, 0.1711378353376503, 0.5083674495439201, 0.18712691409291463, 0.1465603190428714, 0.3982197577703196, 0.29926092947513466, 0.06170052671181339, 0.3611111111111111, 0.12945222304102186]
