mean_accuracy: 0.6690666666666666
mean_auc: 0.6336221555784556
mean_f1: 0.22998528407701777
mean_auprc: 0.16272451155576576
mean_recall: 0.5492871987179111
mean_precision: 0.1747447157349232
accuracies_per_class: [0.985, 0.859, 0.799, 0.907, 0.496, 0.509, 0.867, 0.522, 0.179, 0.86, 0.616, 0.295, 0.943, 0.969, 0.23]
auc_scores_per_class: [0.751412634019125, 0.765198087431694, 0.7085604824862638, 0.7809766691239465, 0.612877870809375, 0.6015132035879476, 0.5996824888604285, 0.6722730666666666, 0.3867955114465318, 0.6463472818613005, 0.7224364634578535, 0.45547640732066963, 0.6173214285714286, 0.6747738693467337, 0.5086868686868686]
auprc_scores_per_class: [0.0448160090064433, 0.09563563817129853, 0.24651587518029444, 0.2898179978807691, 0.2111656528396208, 0.08569834943641386, 0.05726424579755316, 0.6204244512378903, 0.043361552348584895, 0.05957861609504518, 0.3671200799778498, 0.21435043011235977, 0.03142476707396116, 0.0220981414564055, 0.051595866721996744]
f1_scores_per_class: [0.11764705591695508, 0.12422359994753293, 0.3092783459222258, 0.32116787846768613, 0.28813559008187306, 0.17478991381365724, 0.10738254647087983, 0.561467885394748, 0.11625403540897826, 0.14634145992043435, 0.460674153132851, 0.39795046638500453, 0.09523809090451016, 0.11428571183673475, 0.11494252755119568]
recall_scores_per_class: [0.07142857142857142, 0.4166666666666667, 0.4326923076923077, 0.41509433962264153, 0.7391304347826086, 0.7123287671232876, 0.20512820512820512, 0.816, 0.9152542372881356, 0.32432432432432434, 0.7772511848341233, 0.9549180327868853, 0.15, 0.4, 0.9090909090909091]
precision_scores_per_class: [0.3333333333333333, 0.072992700729927, 0.24064171122994651, 0.2619047619047619, 0.17894736842105263, 0.09961685823754789, 0.07272727272727272, 0.427972027972028, 0.06206896551724138, 0.09448818897637795, 0.3273453093812375, 0.2513484358144552, 0.06976744186046512, 0.06666666666666667, 0.06134969325153374]
