mean_accuracy: 0.8250195343022345
mean_auc: 0.6974351511457066
mean_f1: 0.27225279330229674
mean_auprc: 0.21316533021164025
mean_recall: 0.39999548832409426
mean_precision: 0.22328398976466038
accuracies_per_class: [0.948155961869042, 0.8720503203625567, 0.8332551961243945, 0.9383497421472105, 0.7387091733083294, 0.8740037505860291, 0.9494842944210032, 0.6536958899828098, 0.8810360993905297, 0.8470464135021097, 0.7676980778246602, 0.553680262541022, 0.8530239099859352, 0.98300515705579, 0.6820987654320988]
auc_scores_per_class: [0.7361315427497491, 0.7993155329542181, 0.8062521441475908, 0.7949396406007271, 0.7006810554995753, 0.6404411267872496, 0.7799721780991471, 0.710211598028613, 0.6325943768005914, 0.6064257073374355, 0.768945258694001, 0.6238063605148969, 0.6904165456938909, 0.5426080059803269, 0.6287861932975871]
auprc_scores_per_class: [0.054881389241530694, 0.13285889032473416, 0.34587229688750515, 0.22449968695700673, 0.2725970373613664, 0.12441024546550114, 0.2702393302257329, 0.6267593898536113, 0.15193199007672836, 0.06875677529411645, 0.43474365414787886, 0.33451433507526424, 0.04776399530468256, 0.0037701886416178715, 0.10388074831732703]
f1_scores_per_class: [0.11827242113928116, 0.2181904954846274, 0.4288008519419484, 0.3156981736908921, 0.32512613078899827, 0.19071517710419605, 0.36586561542814583, 0.5968710156097703, 0.20723769355635005, 0.1298066199039189, 0.4793344960453753, 0.4208658580368771, 0.09523809292486819, 0.013605439037233153, 0.17816381884196833]
recall_scores_per_class: [0.2045977011494253, 0.49405405405405406, 0.6011257035647279, 0.34050514499532275, 0.49130832570905764, 0.2341343191620456, 0.3412625800548948, 0.6654497515464963, 0.22768878718535468, 0.2554680664916885, 0.5875912408759124, 0.6791557591623036, 0.3567567567567568, 0.03488372093023256, 0.4859504132231405]
precision_scores_per_class: [0.08317757009345794, 0.1400122549019608, 0.3332639900145621, 0.2942603071948262, 0.24294978133011613, 0.16088060965283657, 0.39429175475687106, 0.5411066215881917, 0.19015766841853798, 0.08700834326579261, 0.40476190476190477, 0.3049067136770971, 0.054954204829308906, 0.008450704225352112, 0.10907741775908979]
