mean_accuracy: 0.8005131010053655
mean_auc: 0.6661248053112839
mean_f1: 0.2294422623911463
mean_auprc: 0.17903112740343305
mean_recall: 0.37528682513249234
mean_precision: 0.17687686431850158
accuracies_per_class: [0.9517502734802313, 0.9203000468823254, 0.7383966244725738, 0.8977574621034536, 0.7645725894671043, 0.8230973589623378, 0.7648460696983904, 0.6392405063291139, 0.7219096733864666, 0.8264963275511799, 0.7841850289107674, 0.6393967807469917, 0.8680653227066729, 0.986755743084857, 0.6809267072980153]
auc_scores_per_class: [0.6830258651525555, 0.6287840740907095, 0.7149332245042493, 0.808890589752314, 0.6918210643134934, 0.5892168584913727, 0.649341815567965, 0.7052595520054786, 0.5618978357975799, 0.7005482762493399, 0.703161901126559, 0.6875447574919843, 0.6469602464570717, 0.6181862106059639, 0.602299808062621]
auprc_scores_per_class: [0.03758042510786567, 0.06573777207518279, 0.19970694091016183, 0.19376122977223373, 0.27207680168811155, 0.09883544208909846, 0.07734787845694269, 0.6410765769142122, 0.08435926150727577, 0.09053352433984031, 0.4016260310723697, 0.3814698770642313, 0.038332200599705865, 0.004547786079758297, 0.09847516337450538]
f1_scores_per_class: [0.0790454840582759, 0.11304347345226863, 0.2865970553839396, 0.2732574243173867, 0.33163264843285045, 0.1552238763747836, 0.12476370243046855, 0.5904373232076023, 0.14344163326038517, 0.16191733951140347, 0.45241871033459485, 0.4674590307446931, 0.08606224372591431, 0.011661803822898132, 0.16467218680972937]
recall_scores_per_class: [0.12183908045977011, 0.14054054054054055, 0.5046904315196998, 0.46024321796071094, 0.4559316864897835, 0.2563154651879236, 0.39249771271729184, 0.6749822533211641, 0.34096109839816935, 0.3753280839895013, 0.48990983254615716, 0.662794502617801, 0.2864864864864865, 0.023255813953488372, 0.44352617079889806]
precision_scores_per_class: [0.05849889624724062, 0.09454545454545454, 0.20011902990626396, 0.1943127962085308, 0.26058915809656613, 0.11131924003211131, 0.0741701244813278, 0.5247142294048088, 0.0908259676927766, 0.1032242540904716, 0.42025782688766117, 0.36105169340463455, 0.05063694267515924, 0.007782101167315175, 0.10110524993720171]
