mean_accuracy: 0.8031228837839245
mean_auc: 0.6738485424344565
mean_f1: 0.2402316927003865
mean_auprc: 0.19037683090199722
mean_recall: 0.3815092370923272
mean_precision: 0.18467294549430455
accuracies_per_class: [0.9339740584466323, 0.8986169714017815, 0.8300125019534302, 0.9213158305985311, 0.7135489920300047, 0.799929676511955, 0.9272542584778871, 0.603180184403813, 0.7322628535708704, 0.8022737927801219, 0.7550398499765588, 0.57860603219253, 0.9005704016252539, 0.9197921550242225, 0.7304656977652758]
auc_scores_per_class: [0.6877221041321476, 0.7113647821547785, 0.74997645681968, 0.8124901051181145, 0.7011526010822762, 0.6365723515356501, 0.7245385752753766, 0.6967797121005168, 0.5596456452459782, 0.6563834726564386, 0.7266735202719384, 0.6450071573359696, 0.6665291264668286, 0.6062640733684009, 0.5266284529527532]
auprc_scores_per_class: [0.04073738044843426, 0.08400352158158281, 0.295143568136195, 0.20506065811330756, 0.26074233313186856, 0.11321522643970366, 0.16778053822153471, 0.633191068704877, 0.09560407906388393, 0.07692157174905959, 0.3993297553927634, 0.3461079139881131, 0.04831509130464112, 0.004595781167333736, 0.08490397608665967]
f1_scores_per_class: [0.08549783189820881, 0.14722313083258712, 0.3560751765164762, 0.28833921791379846, 0.3204819234800065, 0.1696124495026204, 0.23437499505115802, 0.5852423488992893, 0.13744493048856396, 0.14147582384603857, 0.4553509333334362, 0.4311781413965553, 0.0959147392854192, 0.01345506888567098, 0.14180867917596837]
recall_scores_per_class: [0.18160919540229886, 0.24216216216216216, 0.45140712945590994, 0.3816651075771749, 0.5272949069838365, 0.32224276032039434, 0.2607502287282708, 0.7267011459284048, 0.3123569794050343, 0.3648293963254593, 0.5626878488621726, 0.668848167539267, 0.24324324324324326, 0.16279069767441862, 0.3140495867768595]
precision_scores_per_class: [0.055909412597310686, 0.10576015108593012, 0.2939882697947214, 0.23168654173764908, 0.23019571295433364, 0.1150968309859155, 0.2128454070201643, 0.48988241728192505, 0.08810714862030014, 0.08775252525252525, 0.3824044353662095, 0.31813229571984436, 0.059734513274336286, 0.007017543859649123, 0.09158097686375322]
