mean_accuracy: 0.674
mean_auc: 0.6483158382464245
mean_f1: 0.3277801405619974
mean_auprc: 0.24399945667053483
mean_recall: 0.5984126984126984
mean_precision: 0.36587216234804926
accuracies_per_class: [0.85, 0.96, 0.96, 0.98, 0.82, 0.94, 0.98, 0.55, 0.41, 0.92, 0.73, 0.69, 0.17, 0.0, 0.15]
auc_scores_per_class: [0.6042105263157895, 0.74609375, 0.7488479262672811, 0.9518900343642612, 0.6544566544566545, 0.7393617021276596, 0.9587628865979381, 0.6674747474747474, 0.41145833333333337, 0.5842105263157895, 0.7333887043189369, 0.5762499999999999, 0.33673469387755095, nan, 0.36328125]
auprc_scores_per_class: [0.07158456652313608, 0.14494487388256738, 0.49948627152477737, 0.4775974025974026, 0.14494374671742358, 0.16451037787244682, 0.34401709401709396, 0.6644930000471323, 0.031091703201199687, 0.07053495041439722, 0.27402281014592866, 0.22920145679745127, 0.013894401133947555, 0.5, 0.029669195183118773]
f1_scores_per_class: [0.21052631191135737, 0.33333332888888895, 0.5999999958, 0.4999999962500001, 0.30769230316568047, 0.39999999520000007, 0.6666666616666668, 0.656488545108094, 0.09230769115266273, 0.19999999500000015, 0.4255319107107289, 0.39215685797770095, 0.045977011045052196, 0.0, 0.08602150455312753]
recall_scores_per_class: [0.4, 0.25, 0.42857142857142855, 0.3333333333333333, 0.4444444444444444, 0.3333333333333333, 0.6666666666666666, 0.9555555555555556, 0.75, 0.2, 0.7142857142857143, 0.5, 1.0, 1.0, 1.0]
precision_scores_per_class: [0.14285714285714285, 0.5, 1.0, 1.0, 0.23529411764705882, 0.5, 0.6666666666666666, 0.5, 0.04918032786885246, 0.2, 0.30303030303030304, 0.3225806451612903, 0.023529411764705882, 0.0, 0.0449438202247191]
