mean_accuracy: 0.7296035838933167
mean_auc: 0.6754351633710144
mean_f1: 0.24365060762531676
mean_auprc: 0.19012740462330555
mean_recall: 0.45953814498310497
mean_precision: 0.18742589507299742
accuracies_per_class: [0.9519456165025785, 0.901703391154868, 0.8504063134864822, 0.9320206282231599, 0.7168307548054383, 0.7459759337396468, 0.9025629004531958, 0.5623144241287701, 0.8303641193936553, 0.8453664635099234, 0.7573448976402563, 0.5938818565400844, 0.2823488045007032, 0.9884747616815127, 0.08251289263947492]
auc_scores_per_class: [0.6729064365714682, 0.7824273602774676, 0.7616471160770016, 0.8142586454140781, 0.6734933536827736, 0.6107257936692436, 0.6790409255486726, 0.681016433477772, 0.6703567075651514, 0.653303519859674, 0.7685479161708322, 0.6348969773225124, 0.5489943159884456, 0.6779858331889912, 0.5019261157511327]
auprc_scores_per_class: [0.04294011926513018, 0.11101199422402758, 0.29197500993158443, 0.220641247847705, 0.2509793976877647, 0.10545067802325604, 0.11100407291766518, 0.6162677257950865, 0.13610266887092282, 0.07862402604778328, 0.4304856854812359, 0.3472391530747088, 0.02665385776714352, 0.009449459038634542, 0.07308597337693445]
f1_scores_per_class: [0.09956075700622112, 0.18152244211673757, 0.3684644516127476, 0.3051118161930847, 0.3119422778463638, 0.1577720174046851, 0.18175852558363012, 0.571996174864542, 0.21025827139959366, 0.1462467607368647, 0.4783740609124086, 0.420988131196788, 0.049075942911369054, 0.039087943849590336, 0.1325995407451244]
recall_scores_per_class: [0.15632183908045977, 0.3016216216216216, 0.41913696060037525, 0.35734331150608045, 0.5010673985971332, 0.3752310536044362, 0.25343092406221407, 0.7591522157996147, 0.3306636155606407, 0.29658792650918636, 0.6114212108200945, 0.6182918848167539, 0.8540540540540541, 0.06976744186046512, 0.9889807162534435]
precision_scores_per_class: [0.07303974221267455, 0.1298278268962308, 0.3287227781047675, 0.2662020905923345, 0.2264645072363887, 0.09988518943742825, 0.14168797953964193, 0.4588696824813044, 0.15413333333333334, 0.09705124534783853, 0.39288177679679953, 0.31914534245418463, 0.025263831148065238, 0.027149321266968326, 0.07106377924700107]
