mean_accuracy: 0.7610381830494347
mean_auc: 0.6853602747655828
mean_f1: 0.24720358632381798
mean_auprc: 0.18932526819902107
mean_recall: 0.4376022700945955
mean_precision: 0.1961333520436323
accuracies_per_class: [0.9640568838881075, 0.8682215971245507, 0.7940303172370683, 0.9354586654164713, 0.7972339428035631, 0.4836693233317706, 0.9089310829817159, 0.6888967026097828, 0.5085169557743398, 0.8458352867635568, 0.7457024535083607, 0.35403969370214095, 0.8749023284888264, 0.9951945616502579, 0.6508829504610095]
auc_scores_per_class: [0.6516629229600454, 0.8060353604790393, 0.7185650679094957, 0.8085417254416135, 0.7028133792540414, 0.5860191632201548, 0.7995017059919731, 0.7074780439529866, 0.5598657774985281, 0.6790487860387018, 0.7808752648078621, 0.5843477357176408, 0.667409880228857, 0.6773850655921527, 0.5508542423906484]
auprc_scores_per_class: [0.035261908955633775, 0.11622486156316385, 0.24262860544178272, 0.2215211583267399, 0.2813901423025794, 0.08667046242762932, 0.15898015029956786, 0.6363739769780017, 0.09073556417384691, 0.0921676606561237, 0.43317798132331314, 0.30701029992978074, 0.041400907359313184, 0.012576911441127655, 0.08375843180671205]
f1_scores_per_class: [0.08366533373448466, 0.19402628090537838, 0.3108496686624717, 0.31223979522692724, 0.3352971262756886, 0.13902279941186255, 0.2588235248766716, 0.5892608398975574, 0.14059297507957075, 0.17170444639476762, 0.486145096794621, 0.3928912354113886, 0.08774928508693118, 0.06106869777985001, 0.14471668931909878]
recall_scores_per_class: [0.09655172413793103, 0.43891891891891893, 0.4461538461538462, 0.3507951356407858, 0.39920707532784383, 0.6574245224892175, 0.37236962488563585, 0.5792515972010952, 0.5886727688787186, 0.357830271216098, 0.6610133104336625, 0.87532722513089, 0.2774774774774775, 0.046511627906976744, 0.41652892561983473]
precision_scores_per_class: [0.07381370826010544, 0.1245398773006135, 0.23851554663991975, 0.2813203300825206, 0.2890262751159196, 0.07773002112624754, 0.1983430799220273, 0.5996220869200084, 0.07982932505818464, 0.11295222314277824, 0.38444250218504183, 0.2532904081052931, 0.052115059221658204, 0.08888888888888889, 0.08757094868527743]
