mean_accuracy: 0.6157081835703496
mean_auc: 0.6015857835883734
mean_f1: 0.20974858813062194
mean_auprc: 0.15217588050289135
mean_recall: 0.5244594828592223
mean_precision: 0.154125633617206
accuracies_per_class: [0.9643694327238631, 0.879317080793874, 0.7214408501328332, 0.9105328957649633, 0.6636974527269885, 0.38658384122519146, 0.043327082356618224, 0.6456868260665729, 0.06833098921706517, 0.8481012658227848, 0.6027894983591187, 0.5929442100328176, 0.16736990154711673, 0.9921472105016409, 0.7489842162837943]
auc_scores_per_class: [0.6390747951011577, 0.7148779122440507, 0.7293970826747311, 0.7047499399584957, 0.6220444187971967, 0.5093190945790601, 0.3561845350153924, 0.6987937962077065, 0.3830812753272634, 0.6565445293860821, 0.6129481278243591, 0.6458716529121491, 0.455675251146678, 0.7462775655693618, 0.5489467770819193]
auprc_scores_per_class: [0.03757684325113766, 0.08055145929735645, 0.2328443194555519, 0.12930898193066825, 0.1938953294257642, 0.06789984384269487, 0.030614582366347495, 0.6288515949506266, 0.0517966661911714, 0.07964295575083404, 0.2594943015356332, 0.3595030758983193, 0.01863685525806386, 0.02260139452591496, 0.08942000386328636]
f1_scores_per_class: [0.09343935890847783, 0.14692073632308889, 0.30816999422498537, 0.19817926702469482, 0.27785234500503375, 0.11965236728308873, 0.08195553477433264, 0.5879412917962304, 0.1278572200298045, 0.1454945017324469, 0.33648762873846333, 0.42781041895715616, 0.04310344778989776, 0.09865470378169701, 0.15271000558993122]
recall_scores_per_class: [0.10804597701149425, 0.2875675675675676, 0.5958724202626642, 0.264733395696913, 0.505032021957914, 0.6574245224892175, 1.0, 0.6561200689585235, 1.0, 0.289588801399825, 0.5534564190639759, 0.637270942408377, 0.8648648648648649, 0.12790697674418605, 0.31900826446280994]
precision_scores_per_class: [0.08231173380035026, 0.09866468842729971, 0.20782620075906294, 0.15836597649692222, 0.19164448559194538, 0.0658154453491241, 0.04272869429241595, 0.5325979585116891, 0.06829458878687243, 0.09715292045788083, 0.24172526957337084, 0.32198065636108125, 0.022102500345351567, 0.08029197080291971, 0.10038141470180305]
