mean_accuracy: 0.8069999999999999
mean_auc: 0.6407755802923775
mean_f1: 0.25394489351620636
mean_auprc: 0.1741140051470101
mean_recall: 0.39527405124930115
mean_precision: 0.2235053518979802
accuracies_per_class: [0.964, 0.928, 0.737, 0.952, 0.527, 0.807, 0.918, 0.609, 0.929, 0.908, 0.815, 0.622, 0.82, 0.892, 0.677]
auc_scores_per_class: [0.7149183172760457, 0.6822152775311624, 0.6793454244586731, 0.7932552083333333, 0.6528171191269981, 0.573951655982906, 0.5694154488517745, 0.6784445414697623, 0.5345619086795557, 0.6227777919072205, 0.7341269076924064, 0.6317562724014337, 0.5859997329891861, 0.6058174523570712, 0.5522306453281316]
auprc_scores_per_class: [0.06907493221856782, 0.058280589435682935, 0.21388248558951306, 0.2304640614549204, 0.22518740578426333, 0.0838732339306511, 0.0686379958699804, 0.5527721682332254, 0.13220968782008424, 0.07367723339782456, 0.4541548647607562, 0.335848935741613, 0.03065131616719219, 0.004002076720745628, 0.07899309008013113]
f1_scores_per_class: [0.1818181770764464, 0.16279069320443498, 0.3204134323944207, 0.33333332839506175, 0.3114992689701231, 0.16450216049624267, 0.16326530122448993, 0.5772972924887422, 0.20224718707233943, 0.19298245153431837, 0.49315067994805784, 0.4237804832979346, 0.08163265098969184, 0.018181817651239683, 0.18227847799955138]
recall_scores_per_class: [0.23529411764705882, 0.2413793103448276, 0.512396694214876, 0.3, 0.7697841726618705, 0.296875, 0.19047619047619047, 0.717741935483871, 0.13846153846153847, 0.2682926829268293, 0.46632124352331605, 0.6177777777777778, 0.34782608695652173, 0.3333333333333333, 0.4931506849315068]
precision_scores_per_class: [0.14814814814814814, 0.12280701754385964, 0.23308270676691728, 0.375, 0.19525547445255476, 0.11377245508982035, 0.14285714285714285, 0.48282097649186256, 0.375, 0.1506849315068493, 0.5232558139534884, 0.3225058004640371, 0.046242774566473986, 0.009345794392523364, 0.11180124223602485]
