mean_accuracy: 0.6592670729801532
mean_auc: 0.6395691838751361
mean_f1: 0.21995350848242196
mean_auprc: 0.15960948578268086
mean_recall: 0.5079903625581358
mean_precision: 0.16314321252962966
accuracies_per_class: [0.9682372245663385, 0.8808798249726519, 0.7809032661353337, 0.9421003281762775, 0.7408970151586185, 0.4448351304891389, 0.8669323331770589, 0.6082591029848414, 0.06907329270198469, 0.8385685263322394, 0.20471948741990936, 0.5640334427254259, 0.9527269885919675, 0.9558524769495234, 0.07098765432098765]
auc_scores_per_class: [0.637865936472565, 0.7880587230658164, 0.7117719174326962, 0.7571642758826749, 0.719159276991955, 0.573905540529152, 0.7112446488338209, 0.6974756455049304, 0.47054858833251323, 0.6539668166964755, 0.5089662938292822, 0.6286025540421943, 0.6080140281649806, 0.7479597604222694, 0.37883375192571606]
auprc_scores_per_class: [0.03159663467068735, 0.10960188974349971, 0.22833288375697153, 0.1978761318497553, 0.2763336626743304, 0.07641074264092357, 0.10022366750412912, 0.6163278731623226, 0.061608856055543934, 0.07535274100488784, 0.19055361185006564, 0.33528780300833944, 0.032873098925390115, 0.008640239517105418, 0.05312245037626069]
f1_scores_per_class: [0.07085713785730648, 0.18497727508000852, 0.2929904140957866, 0.2881844330439632, 0.3425852454139672, 0.13784734684724978, 0.17689704782842944, 0.5874850817784719, 0.12794612674851774, 0.13628762178130097, 0.30898227719365806, 0.4181656977274975, 0.06779660527438243, 0.025862067592687353, 0.13243824897310208]
recall_scores_per_class: [0.07126436781609195, 0.37405405405405406, 0.43602251407129455, 0.2806361085126286, 0.5269899359560841, 0.6999383857054837, 0.33485818847209514, 0.7240644965013691, 1.0, 0.2852143482064742, 0.9770287677114642, 0.6560863874345549, 0.07927927927927927, 0.1744186046511628, 1.0]
precision_scores_per_class: [0.07045454545454545, 0.12286931818181818, 0.22061894816783748, 0.29615004935834155, 0.25378175943604053, 0.07645198196379299, 0.12019704433497537, 0.4942544649037796, 0.0683453237410072, 0.08953584180170283, 0.18350806451612903, 0.3068799265324864, 0.059219380888290714, 0.013966480446927373, 0.07091505821676955]
