mean_accuracy: 0.697252174818982
mean_auc: 0.6538779037235806
mean_f1: 0.2222571125172165
mean_auprc: 0.16432332024974503
mean_recall: 0.4787553942219082
mean_precision: 0.16198624572039916
accuracies_per_class: [0.9619862478512268, 0.886115017971558, 0.8134864822628536, 0.9018987341772152, 0.7264025629004532, 0.49445225816533833, 0.7074542897327707, 0.6160337552742616, 0.26175964994530393, 0.881231442412877, 0.6788560712611346, 0.48573995936865133, 0.8977183934989842, 0.9774964838255977, 0.1681512736365057]
auc_scores_per_class: [0.6462048773713378, 0.7933195008473676, 0.7524284739363698, 0.7840484721158176, 0.6510394125140447, 0.5852863867003388, 0.6414289543648315, 0.6791148698720283, 0.5391867794276028, 0.6526243910551135, 0.7083960051596442, 0.6019496649015812, 0.6624231395646275, 0.5983604240926951, 0.5123572039303085]
auprc_scores_per_class: [0.033924668057501134, 0.1070595275927681, 0.2663918721469125, 0.17008189159688097, 0.21859220016634384, 0.08096742144529301, 0.06756605786905011, 0.5916991926733183, 0.08281897885005318, 0.0875383418484758, 0.33569791520595804, 0.3023469787409797, 0.04169287220356035, 0.004656327447857404, 0.07381555790122263]
f1_scores_per_class: [0.08294061721669962, 0.18094970112622447, 0.351005976890976, 0.24116046706769026, 0.2885299152968277, 0.1409984048750166, 0.11947318684732089, 0.5731781415460981, 0.13456077529719015, 0.16022099015413002, 0.4093978975440637, 0.40811187154797995, 0.09536972737688837, 0.013698627625493046, 0.13426038734564874]
recall_scores_per_class: [0.10114942528735632, 0.3481081081081081, 0.48442776735459664, 0.37324602432179604, 0.4330588594083562, 0.6543438077634011, 0.464775846294602, 0.6692019065003549, 0.8403890160183066, 0.2537182852143482, 0.611635895234006, 0.7424738219895288, 0.24864864864864866, 0.046511627906976744, 0.9096418732782369]
precision_scores_per_class: [0.07028753993610223, 0.12224753227031131, 0.2752078448092091, 0.178125, 0.21633150517976843, 0.07901197827542593, 0.0685467548239104, 0.501253323205469, 0.07313551727571443, 0.11707710940654018, 0.3076673866090713, 0.28139145532337073, 0.058999572466866185, 0.008032128514056224, 0.07247903771017165]
