mean_accuracy: 0.7584752825962391
mean_auc: 0.6696577370984822
mean_f1: 0.23411034417522344
mean_auprc: 0.18128246596386763
mean_recall: 0.41167505277070154
mean_precision: 0.18282004224146067
accuracies_per_class: [0.9664791373652133, 0.8587669948429442, 0.8130176590092202, 0.9335052351929989, 0.7432020628223159, 0.6991717455852478, 0.9158462259728083, 0.6365057040162525, 0.8321612751992499, 0.8359899984372559, 0.6117752773870917, 0.5565322706672917, 0.8960775121112674, 0.9954289732770746, 0.08266916705735271]
auc_scores_per_class: [0.6324590556357289, 0.7949026485851098, 0.7489988768818896, 0.8446539299982231, 0.7010513608681298, 0.6146229177160926, 0.7285459453608366, 0.6953933395197374, 0.5350607839927474, 0.6588970703489283, 0.6175407060637961, 0.6387433547300456, 0.5359581817351076, 0.802360223532951, 0.49567766150790793]
auprc_scores_per_class: [0.03028622979424489, 0.11716298185070215, 0.29017411636736, 0.264517476259776, 0.2598594251060056, 0.08747080602327079, 0.12258790533592903, 0.6287914939228455, 0.08824225046149486, 0.08256642135608008, 0.28970591931603984, 0.33792206776248035, 0.02593570803561506, 0.02034538345089832, 0.07366880441527199]
f1_scores_per_class: [0.06739129936259489, 0.19036953758848532, 0.35271841573042734, 0.3392857094302671, 0.3300377083210612, 0.15123456496331164, 0.19325842213059252, 0.580825369003369, 0.13976771671539864, 0.14847869826369095, 0.33678168162598343, 0.43025648322345644, 0.054054050885771684, 0.0639999957068803, 0.13319550967706145]
recall_scores_per_class: [0.07126436781609195, 0.4594594594594595, 0.48930581613508445, 0.4087932647333957, 0.49374809393107655, 0.4226740603820086, 0.23604757548032937, 0.6536862387181828, 0.19965675057208238, 0.32020997375328086, 0.5416487762988407, 0.7012434554973822, 0.13693693693693693, 0.046511627906976744, 0.9939393939393939]
precision_scores_per_class: [0.06391752577319587, 0.12005649717514125, 0.2757454007189681, 0.2899800928998009, 0.24785670545009186, 0.09209289837562089, 0.1636017755231452, 0.5225780299959465, 0.107516943930992, 0.09664642196989702, 0.24435835351089588, 0.3103323437839403, 0.033673017279574655, 0.10256410256410256, 0.07138052467059708]
