mean_accuracy: 0.8193441683596396
mean_auc: 0.6913961068983182
mean_f1: 0.2574846125312857
mean_auprc: 0.20516389148899605
mean_recall: 0.3831739397350401
mean_precision: 0.20383967530318498
accuracies_per_class: [0.9519065478981091, 0.8552117518362244, 0.8466947960618847, 0.9312001875293014, 0.7503906860446945, 0.8250117205813409, 0.9328801375214877, 0.6336927644944522, 0.8629082669167057, 0.8205578996718237, 0.7383575558681044, 0.5834114705422723, 0.9472964525707142, 0.970893889670261, 0.6397483981872167]
auc_scores_per_class: [0.6753253872646365, 0.785432179372433, 0.7788547304365171, 0.8215053699054395, 0.6796010213147241, 0.6249770774417378, 0.7972561494141223, 0.7040993128283587, 0.6021263602549173, 0.6623674555709367, 0.7778099675662277, 0.6448572197378222, 0.6361691870377626, 0.6565931736756219, 0.5239670116535147]
auprc_scores_per_class: [0.0436577394689813, 0.10829415296019133, 0.3206777817717076, 0.21831572767350454, 0.2528163604157153, 0.11582650659786532, 0.2307004906590698, 0.6444294543089141, 0.1313783584991836, 0.07959931307207206, 0.4456643013087817, 0.3543024358929756, 0.042665664908230816, 0.0064908922434403025, 0.08263919255430746]
f1_scores_per_class: [0.09151291076973374, 0.1811754275918985, 0.40091602570781426, 0.30477693945636986, 0.312641200382429, 0.1713228450114725, 0.3072580595863976, 0.5899230181874953, 0.19904130997235536, 0.14133482557951674, 0.4859927807311113, 0.42822671016262454, 0.08418193691940358, 0.02614378885406483, 0.1378214090565974]
recall_scores_per_class: [0.1425287356321839, 0.44324324324324327, 0.4926829268292683, 0.36108512628624884, 0.4431229033241842, 0.28527418361059764, 0.34858188472095153, 0.6839062975357468, 0.2494279176201373, 0.33070866141732286, 0.6796908544439674, 0.6533049738219895, 0.11171171171171171, 0.11627906976744186, 0.40606060606060607]
precision_scores_per_class: [0.06739130434782609, 0.11385726187170231, 0.33796653796653797, 0.26366120218579236, 0.24152260638297873, 0.12242199894235854, 0.2746935832732516, 0.5186495424132892, 0.16559058108621344, 0.0898716119828816, 0.37821048859156614, 0.31849724814548935, 0.06753812636165578, 0.014727540500736377, 0.0829954954954955]
