mean_accuracy: 0.6642522269104548
mean_auc: 0.6575919899502929
mean_f1: 0.2223796030888904
mean_auprc: 0.16404749673757132
mean_recall: 0.5386563221789785
mean_precision: 0.16048251783699816
accuracies_per_class: [0.9445225816533833, 0.799148304422566, 0.4896468198155962, 0.9222925457102672, 0.715658696671355, 0.438740428191905, 0.8676746366619784, 0.6602203469292077, 0.7139396780746992, 0.8311845600875136, 0.7101109548366933, 0.40014064697609003, 0.8445850914205345, 0.5516096265041412, 0.07430848570089077]
auc_scores_per_class: [0.6676207979234421, 0.776556390203182, 0.6086893194470433, 0.7990090377100313, 0.6957207086342166, 0.5615577382842821, 0.6869015310745414, 0.6926078367928763, 0.6105150866817073, 0.6890852160226384, 0.7680409449460901, 0.6098732734860446, 0.5783662181409874, 0.6106171314486795, 0.5087186184586324]
auprc_scores_per_class: [0.03744033955950825, 0.09462834681235001, 0.1275200650120028, 0.1758402832225291, 0.24386460012556244, 0.07465278099118831, 0.08270582568403645, 0.621059777273266, 0.09898075593072718, 0.08601202481354148, 0.3950220738275774, 0.31104047520546185, 0.03195614711428347, 0.00410632822158769, 0.07588262726994745]
f1_scores_per_class: [0.08740359494357212, 0.16392909160562252, 0.22872999675778705, 0.257558785797406, 0.3300809972582403, 0.1324879209372775, 0.1504890855612545, 0.5850073911141335, 0.16128292921420498, 0.1611337569816742, 0.4556126147231894, 0.41325282430110516, 0.06663538018429105, 0.00949339762602624, 0.13259627932757134]
recall_scores_per_class: [0.15632183908045977, 0.5448648648648649, 0.7268292682926829, 0.32273152478952294, 0.5468130527599878, 0.6759088108441158, 0.2744739249771272, 0.6216408072203631, 0.40274599542334094, 0.363079615048119, 0.6665951051953628, 0.8846531413612565, 0.25585585585585585, 0.6395348837209303, 0.9977961432506887]
precision_scores_per_class: [0.060660124888492414, 0.09647779479326186, 0.13572029147982062, 0.21428571428571427, 0.23638760711931445, 0.07344178884648858, 0.10366275051831375, 0.552451333813987, 0.10083070753365798, 0.10354291417165669, 0.3460766830138208, 0.26959513362584764, 0.03830590774210952, 0.004782192852795409, 0.07101682286969138]
