mean_accuracy: 0.6749075376360891
mean_auc: 0.6432126385783113
mean_f1: 0.2185486286483729
mean_auprc: 0.1610841592971963
mean_recall: 0.5069659197064958
mean_precision: 0.16121578826288135
accuracies_per_class: [0.9369432723863104, 0.8156352555086732, 0.30887638693545866, 0.9176824503828723, 0.7200343803719331, 0.36818252852008126, 0.8563056727613689, 0.6551804969526489, 0.8017268323175496, 0.7964916393186435, 0.743553680262541, 0.5466088451320519, 0.9264728863884982, 0.6588920143772464, 0.0710267229254571]
auc_scores_per_class: [0.643745131925115, 0.7768380865158458, 0.5634262032365143, 0.8007469899249648, 0.672296427466043, 0.5426267186649881, 0.6538111041839304, 0.6971261191508907, 0.5957085569399485, 0.6741236129273152, 0.7621497813106318, 0.628558883997717, 0.5663749289003871, 0.597094846526214, 0.4735621870041632]
auprc_scores_per_class: [0.034960263319120936, 0.09353829015374819, 0.11213382711996457, 0.16704377045305926, 0.23181510491240337, 0.06846274226500763, 0.07895785901781317, 0.6326506671573463, 0.09872870029283126, 0.08204739969026842, 0.39059033278367034, 0.32712235491003827, 0.028110518370597953, 0.003916611724797105, 0.06618394728727804]
f1_scores_per_class: [0.09019165357007598, 0.16551723864298554, 0.20644177072815337, 0.25731405945580643, 0.31333843953864426, 0.13109821461264617, 0.13540197079374514, 0.5857504878465604, 0.15739664206975273, 0.15943198020919674, 0.45272635843085685, 0.42099485680967924, 0.0608782395080351, 0.009304436434447332, 0.13244308107500888]
recall_scores_per_class: [0.1839080459770115, 0.505945945945946, 0.8634146341463415, 0.3414405986903648, 0.4986276303751144, 0.751694393099199, 0.26349496797804206, 0.6327958624885914, 0.2711670480549199, 0.4321959755030621, 0.5828681837698583, 0.6902814136125655, 0.10990990990990991, 0.47674418604651164, 1.0]
precision_scores_per_class: [0.05974607916355489, 0.0989429175475687, 0.11723645997860091, 0.20644796380090497, 0.22844767360625962, 0.07181117193478133, 0.09111040809870294, 0.54521625163827, 0.11087719298245614, 0.09774436090225563, 0.370092693565976, 0.30284975952910775, 0.04209799861973775, 0.0046980634811504525, 0.07091782909389287]
