mean_accuracy: 0.6794082408709693
mean_auc: 0.6531365680322705
mean_f1: 0.2216631669155273
mean_auprc: 0.16626437988605153
mean_recall: 0.5105120585725683
mean_precision: 0.1636476325490809
accuracies_per_class: [0.9713236443194249, 0.8065322706672917, 0.4436630723550555, 0.9286607282387873, 0.7151898734177216, 0.3713470854821066, 0.8407172995780591, 0.658071573683388, 0.680809501484607, 0.8370448507579309, 0.7321847163619315, 0.412251914361619, 0.8561884669479606, 0.8588842006563525, 0.07825441475230505]
auc_scores_per_class: [0.6644899719370473, 0.7648739136769619, 0.6114734529062348, 0.7544986886218404, 0.6938831478437967, 0.5654645132582534, 0.6863783022031509, 0.6914086965477267, 0.6120872577237838, 0.6857338299526446, 0.7619532555602525, 0.6049403638748829, 0.5756011672388813, 0.6116258557975439, 0.5126361033410587]
auprc_scores_per_class: [0.038645629485999325, 0.1282562058294745, 0.1296867508888292, 0.17193824753309978, 0.2445559930263136, 0.07548922513634282, 0.083722400077456, 0.6247094449203123, 0.09841230676919462, 0.08583491450394527, 0.3920285985014336, 0.30814351436163245, 0.03161985973115546, 0.004178544828795152, 0.07674406269678895]
f1_scores_per_class: [0.08933001984542141, 0.16181448618762634, 0.22684330298687505, 0.2516393393388908, 0.32934682191376236, 0.13279439344539296, 0.15221459411694507, 0.5847409325799455, 0.16290983312513102, 0.15924208474236606, 0.4528693384527728, 0.411101538675585, 0.0669201496734087, 0.010410958443979754, 0.13276971020480718]
recall_scores_per_class: [0.08275862068965517, 0.5167567567567568, 0.7838649155722326, 0.2871842843779233, 0.5458981396767307, 0.7590881084411584, 0.33485818847209514, 0.6248859142074841, 0.4548054919908467, 0.3455818022747157, 0.6090596822670674, 0.8591295811518325, 0.23783783783783785, 0.22093023255813954, 0.9950413223140496]
precision_scores_per_class: [0.09703504043126684, 0.09592614890628136, 0.13260966165174887, 0.22392414296134208, 0.2358055592148597, 0.07276163477439168, 0.0984930032292788, 0.5494427106553723, 0.0992261607588617, 0.1034573074908329, 0.36043704738915006, 0.27019656272512094, 0.03893805309734513, 0.005331088664421998, 0.07113036628593934]
