mean_accuracy: 0.8277647549096213
mean_auc: 0.7079176268407203
mean_f1: 0.26369728589901603
mean_auprc: 0.20549039563748417
mean_recall: 0.3760989147236374
mean_precision: 0.21655262703001388
accuracies_per_class: [0.9609313955305516, 0.8820909517112049, 0.8363025472730115, 0.9333489607751211, 0.7842240975152368, 0.7133536490076574, 0.9303406782309736, 0.6439678074699172, 0.8264572589467104, 0.8685732145647758, 0.778402875449289, 0.6050945460228161, 0.9328410689170182, 0.9952336302547273, 0.7253086419753086]
auc_scores_per_class: [0.7222444240699093, 0.7958021618554229, 0.7636911959469239, 0.8291090252650302, 0.6932043731016948, 0.6319171349550952, 0.771052624995524, 0.6998854300387073, 0.643988514788934, 0.6275272516466053, 0.7356755367346175, 0.6753022188765974, 0.6550394650071181, 0.6946019800716545, 0.6797230652569712]
auprc_scores_per_class: [0.05679042974320615, 0.1151515820548125, 0.3089587785079008, 0.22266632832917674, 0.27507380584034635, 0.1078540170887778, 0.185800826600895, 0.6224196398589332, 0.12047344253410647, 0.07928233954941385, 0.41731406416346606, 0.3704476009149734, 0.04423065291742248, 0.03346955701653632, 0.12242286944229516]
f1_scores_per_class: [0.11816578010344074, 0.18696120315464676, 0.37778437300172696, 0.29794238190347344, 0.3319220951290033, 0.1682348910001593, 0.26291855643539225, 0.5843557533172989, 0.20107913237968023, 0.15136225623904379, 0.4568090354718545, 0.4572011555085852, 0.08222103160123267, 0.07575757121671285, 0.20274407202298964]
recall_scores_per_class: [0.15402298850574714, 0.37513513513513513, 0.4772983114446529, 0.33863423760523853, 0.4184202500762428, 0.4571780653111522, 0.2909423604757548, 0.6496298549842815, 0.3197940503432494, 0.26246719160104987, 0.5120223271790468, 0.6964986910994765, 0.13873873873873874, 0.05813953488372093, 0.4925619834710744]
precision_scores_per_class: [0.09585121602288985, 0.12450663796196627, 0.3126075202752519, 0.2659808963997061, 0.27506014434643145, 0.10308419005279244, 0.2398190045248869, 0.531001326259947, 0.14664218258132214, 0.10634526763559021, 0.41234439834024894, 0.3402877697841727, 0.05842185128983308, 0.10869565217391304, 0.12764134780125644]
