mean_accuracy: 0.7055998333072876
mean_auc: 0.661157897375917
mean_f1: 0.23353554045179503
mean_auprc: 0.1722102520688317
mean_recall: 0.4881187113742643
mean_precision: 0.1699550879508595
accuracies_per_class: [0.9449523363025473, 0.8364588216908893, 0.8125879043600562, 0.9238552898890452, 0.6999140490701672, 0.28942022190967337, 0.8808407563681825, 0.6022425378965464, 0.8161431473667761, 0.8454055321143928, 0.7171823722456634, 0.2785982184716362, 0.9067823097358962, 0.9468276293170808, 0.08278637287076106]
auc_scores_per_class: [0.7368356519645665, 0.7675973212886998, 0.7246038220706659, 0.8258830124896627, 0.6605365467607278, 0.5005175904017507, 0.691378418140184, 0.6652670080435177, 0.6796261189286534, 0.6454528674448552, 0.7580705775062001, 0.5445423999057892, 0.6043272456594608, 0.634342209621398, 0.4783876704126254]
auprc_scores_per_class: [0.05297033775611728, 0.09290597984142691, 0.26213841552525885, 0.21305425931889355, 0.2116202116305764, 0.06439033956744879, 0.10294772478277096, 0.5644572671988825, 0.15108676213746067, 0.07593638921890725, 0.40554536363712246, 0.269257938946936, 0.037541803311813254, 0.005564389020416827, 0.07373659913844406]
f1_scores_per_class: [0.1143934592575065, 0.15604838406252036, 0.3244613387837559, 0.28998178030824323, 0.3001366700695519, 0.11982191105736964, 0.17745414902471154, 0.5705125452360765, 0.2302911310165369, 0.1451717396380704, 0.4506336753260658, 0.38774494852392544, 0.0837173545567526, 0.02015838616738227, 0.13250563374845684]
recall_scores_per_class: [0.20919540229885059, 0.4183783783783784, 0.4322701688555347, 0.372310570626754, 0.5022872827081427, 0.762784966112138, 0.3010064043915828, 0.6857316702160025, 0.40274599542334094, 0.29396325459317585, 0.637398024903392, 0.956642670157068, 0.1963963963963964, 0.16279069767441862, 0.9878787878787879]
precision_scores_per_class: [0.078719723183391, 0.09591078066914498, 0.25969341749323716, 0.23747016706443913, 0.2140072765072765, 0.06501759361378079, 0.12581261950286807, 0.48844264663392084, 0.16124599175446633, 0.0963855421686747, 0.3485150839300387, 0.24314883353432862, 0.0531966813079551, 0.010744435917114352, 0.07101552598225602]
