mean_accuracy: 0.771729957805907
mean_auc: 0.6792259225974571
mean_f1: 0.2506573600379866
mean_auprc: 0.19279416633093988
mean_recall: 0.4161068610368062
mean_precision: 0.19940971214453992
accuracies_per_class: [0.9593295827473043, 0.8909595249257697, 0.8301297077668386, 0.922019065478981, 0.784341303328645, 0.8218471636193155, 0.940654789810908, 0.642561337709017, 0.6769807782466011, 0.8475152367557431, 0.740232848882638, 0.561337709017034, 0.8825988435693077, 0.9927723081731521, 0.08266916705735271]
auc_scores_per_class: [0.703746447590163, 0.7365909202948642, 0.7768881487434814, 0.7899736160638227, 0.7012405926782657, 0.6615955349645123, 0.7453945460456528, 0.6997365026231959, 0.580299803024034, 0.6309396042093929, 0.7684382874692589, 0.6108464634292495, 0.6702359841571535, 0.6099183630678349, 0.5025440246009761]
auprc_scores_per_class: [0.04963918937369988, 0.09225021299113416, 0.299929197522456, 0.1848082902038583, 0.2749458856876767, 0.1236583546676231, 0.2112150723483805, 0.6284465468327045, 0.08215054349321793, 0.07272701518542203, 0.41332161802561096, 0.33633693050337826, 0.03998600325267316, 0.0067613660018399436, 0.07573626887442267]
f1_scores_per_class: [0.12594457974608067, 0.15501059239506404, 0.36967236406090587, 0.2715328419566866, 0.336538456762713, 0.1954834115798764, 0.2938168243830068, 0.5891967082799926, 0.15735833380229278, 0.14049768396697093, 0.4648692106048041, 0.4014925329203486, 0.0841206920992469, 0.04145077226126934, 0.13287539575054058]
recall_scores_per_class: [0.1724137931034483, 0.27675675675675676, 0.47842401500938087, 0.3479887745556595, 0.42695943885330895, 0.34134319162045595, 0.2891125343092406, 0.6653483419531487, 0.4416475972540046, 0.279090113735783, 0.6200085873765565, 0.6161649214659686, 0.24864864864864866, 0.046511627906976744, 0.9911845730027549]
precision_scores_per_class: [0.0992063492063492, 0.10765349032800672, 0.30120481927710846, 0.22262118491921004, 0.27772267407260465, 0.1369592088998764, 0.29867674858223064, 0.5286865431103949, 0.09573412698412699, 0.0938787522071807, 0.371829535213081, 0.2977545857052498, 0.05062362435803375, 0.037383177570093455, 0.0712108617345525]
