mean_accuracy: 0.8070479762462885
mean_auc: 0.6687534907672287
mean_f1: 0.24090664821176339
mean_auprc: 0.18751878578735212
mean_recall: 0.36892767595088505
mean_precision: 0.1930156356024007
accuracies_per_class: [0.9522581653383341, 0.9075636818252852, 0.8584153774027192, 0.9394827316768245, 0.5652445694639787, 0.8148148148148148, 0.925066416627598, 0.6563134864822628, 0.6970620409438975, 0.8765822784810127, 0.7376152523831849, 0.5702844194405375, 0.9357712142522269, 0.9708157524613221, 0.6984294421003282]
auc_scores_per_class: [0.5423863879832271, 0.7193752375860925, 0.8125745782907086, 0.7289009080807952, 0.6108919110496933, 0.5885042705288265, 0.7228873593498026, 0.7071389485761845, 0.5909493559323464, 0.6484534636213044, 0.7080264132987284, 0.6469083850583268, 0.6985694452089564, 0.6248331707583894, 0.6809025261850474]
auprc_scores_per_class: [0.02423467778226239, 0.09541996735178007, 0.3247419732113865, 0.17600261904671394, 0.18670382573732328, 0.0989216072109659, 0.14960516831189108, 0.6374211280606965, 0.1229656403749952, 0.08741865039965514, 0.3937092804352963, 0.3407537678624739, 0.050976473660607396, 0.006060584373252258, 0.11784642299098173]
f1_scores_per_class: [0.05709876097232974, 0.1549999955755741, 0.42512689867265857, 0.2534939709082236, 0.26265570823405765, 0.15326902053429176, 0.21969080059418086, 0.5911604727965664, 0.15936686596542904, 0.1519463044710045, 0.42312316991183674, 0.43539858919520424, 0.10163934003628074, 0.028608580588236426, 0.19602124472057644]
recall_scores_per_class: [0.08505747126436781, 0.23459459459459459, 0.5028142589118199, 0.2460243217960711, 0.6044525770051845, 0.2643253234750462, 0.24702653247941445, 0.6449650136902951, 0.4204805491990847, 0.24759405074365703, 0.5287677114641477, 0.693880890052356, 0.16756756756756758, 0.12790697674418605, 0.5184573002754821]
precision_scores_per_class: [0.0429732868757259, 0.11573333333333333, 0.36823303105248695, 0.2614314115308151, 0.16778125793617202, 0.1079245283018868, 0.1978021978021978, 0.5456417295813315, 0.09831460674157304, 0.10960495739736638, 0.35266323024054985, 0.3172264193282968, 0.07294117647058823, 0.016105417276720352, 0.12085795016696635]
