mean_accuracy: 0.8311142365994686
mean_auc: 0.7071796657051801
mean_f1: 0.27593308122540317
mean_auprc: 0.21700161454819752
mean_recall: 0.38719821150878897
mean_precision: 0.22842512369330514
accuracies_per_class: [0.9578840443819346, 0.8958431004844507, 0.8391154867948117, 0.938662290982966, 0.7314814814814815, 0.8649789029535865, 0.9472964525707142, 0.6483434911704954, 0.8624003750586029, 0.7944991404907017, 0.7725035161744023, 0.6307626191592436, 0.9512814502265979, 0.9946085325832161, 0.6370526644788248]
auc_scores_per_class: [0.740227692282391, 0.7787899350041136, 0.8015542671738194, 0.7904818854676218, 0.7010983152280956, 0.6186358914407174, 0.8036635094330365, 0.6992894142466526, 0.6268562211703873, 0.6549013142465278, 0.7823193809722881, 0.6732264201409452, 0.6490781064999347, 0.6778167248593803, 0.6097559074117901]
auprc_scores_per_class: [0.059746644421272026, 0.11756098582704412, 0.3405650913077267, 0.2125718354113451, 0.2788890056580864, 0.11203184885041613, 0.29726992057088697, 0.6248901815490823, 0.13597563235800808, 0.07800155763210631, 0.46338001795246375, 0.3757882791040992, 0.04324822127967315, 0.008698096499800273, 0.10640689980095229]
f1_scores_per_class: [0.13344050992138487, 0.21170904392663392, 0.42837312137943484, 0.30897886825682924, 0.3303127696943027, 0.1684311790703251, 0.3693314583030218, 0.5831519424278978, 0.20280669508195323, 0.14108425561833002, 0.5042989651639087, 0.45991199042548914, 0.08644688162138256, 0.041666661855710434, 0.1690518756344426]
recall_scores_per_class: [0.19080459770114944, 0.387027027027027, 0.5789868667917448, 0.3283442469597755, 0.5169258920402562, 0.21565003080714726, 0.3613906678865508, 0.6384747997160531, 0.2562929061784897, 0.3779527559055118, 0.6358952340060111, 0.6583769633507853, 0.1063063063063063, 0.03488372093023256, 0.5206611570247934]
precision_scores_per_class: [0.10259579728059333, 0.1457061457061457, 0.3399427186604979, 0.29177057356608477, 0.2426975945017182, 0.1381760757994473, 0.3776290630975143, 0.5366518922604842, 0.16779026217228465, 0.0867295723750251, 0.4178304415291296, 0.35338543953631335, 0.0728395061728395, 0.05172413793103448, 0.1009076348104645]
