mean_accuracy: 0.09654373079126949
mean_auc: 0.5002378706504078
mean_f1: 0.1629879667967008
mean_auprc: 0.3082002315035748
mean_recall: 1.0
mean_precision: 0.09654373079126949
accuracies_per_class: [0.016994842944210033, 0.03613845913423973, 0.10411783091107986, 0.04176433817784029, 0.12810595405532113, 0.06340834505391467, 0.042701984685107046, 0.3852555086732302, 0.06829192061259572, 0.044655414908579466, 0.18198155961869042, 0.23878731051726831, 0.021683075480543833, 0.0033598999843725583, 0.07090951711204876]
auc_scores_per_class: [0.5, 0.4987335606856502, 0.5, 0.5, 0.5, 0.4991291805252567, 0.4994315538187362, 0.5, 0.5001619716634029, 0.5, 0.5001577578752718, 0.5, 0.5060566616694567, 0.4981357060158807, 0.5017616675024613]
auprc_scores_per_class: [0.508497421472105, 0.05492312191897068, 0.55205891545554, 0.5208821690889202, 0.5640529770276606, 0.07938077521740786, 0.06005479201195121, 0.692627754336615, 0.08668138413525546, 0.5223277074542897, 0.19848320084725624, 0.6193936552586341, 0.049689842988754826, 0.020581426174080167, 0.09336832916618112]
f1_scores_per_class: [0.0334216891953972, 0.06975604170827811, 0.1885991278343359, 0.08018001048104724, 0.22711688110362468, 0.11925493109502582, 0.08190640260164252, 0.5562230266979484, 0.12785254415136274, 0.08549309914795566, 0.3079262220262843, 0.38551784727270255, 0.04244579515642133, 0.006697297651497536, 0.1324285858269884]
recall_scores_per_class: [1.0, 1.0, 1.0, 1.0, 1.0, 1.0, 1.0, 1.0, 1.0, 1.0, 1.0, 1.0, 1.0, 1.0, 1.0]
precision_scores_per_class: [0.016994842944210033, 0.03613845913423973, 0.10411783091107986, 0.04176433817784029, 0.12810595405532113, 0.06340834505391467, 0.042701984685107046, 0.3852555086732302, 0.06829192061259572, 0.044655414908579466, 0.18198155961869042, 0.23878731051726831, 0.021683075480543833, 0.0033598999843725583, 0.07090951711204876]
