mean_accuracy: 0.6617778819607231
mean_auc: 0.6348931619587773
mean_f1: 0.22194654514454804
mean_auprc: 0.16477152472246073
mean_recall: 0.5085858118414616
mean_precision: 0.1638913029956133
accuracies_per_class: [0.8579856227535553, 0.9069776527582435, 0.760196905766526, 0.9297937177684014, 0.7097984060009377, 0.19588998280981404, 0.8940850132833256, 0.5654008438818565, 0.45343022347241757, 0.875918112205032, 0.7319893733395844, 0.24081887794967963, 0.2545710267229255, 0.996171276761994, 0.5536411939365525]
auc_scores_per_class: [0.6386721010942403, 0.7795980837551912, 0.6876248780602352, 0.8219095749961582, 0.6522427478095947, 0.507480920656811, 0.6604945287615136, 0.6845837471324883, 0.5384615532238118, 0.6113671417580797, 0.7748941435018787, 0.47093858257708565, 0.4817666954123166, 0.6505508555696352, 0.562811875072618]
auprc_scores_per_class: [0.02857701325324253, 0.10868176742203776, 0.21893691648122784, 0.22854958926443786, 0.22347201688200966, 0.06310389904814237, 0.10011184872557427, 0.6029640115498405, 0.07599323852044548, 0.07739785403023447, 0.41799652842577323, 0.2155304435012744, 0.018917559787433785, 0.006312461175325779, 0.08502772276991077]
f1_scores_per_class: [0.0629028080112499, 0.1752684403974484, 0.28327883737578624, 0.3154285666006669, 0.2900019073766091, 0.12200324075536896, 0.1614599398485443, 0.574184653086221, 0.1329945444240945, 0.13695651745659426, 0.4763358732797814, 0.3855688326498434, 0.04638144688164243, 0.01999999759200029, 0.14643257143236935]
recall_scores_per_class: [0.28045977011494255, 0.2735135135135135, 0.4551594746716698, 0.3872778297474275, 0.4626410491003355, 0.8810844115834874, 0.23879231473010065, 0.76057195010648, 0.6138443935926774, 0.2204724409448819, 0.669815371404036, 0.9975458115183246, 0.836036036036036, 0.011627906976744186, 0.5399449035812672]
precision_scores_per_class: [0.03542392566782811, 0.1289500509683996, 0.20562807255467028, 0.2660668380462725, 0.21119309480718362, 0.06553920894633118, 0.12196261682242991, 0.46116952591772736, 0.0745760355852099, 0.09932991722506898, 0.3695806680881308, 0.23896684173395, 0.023852362103531588, 0.07142857142857142, 0.0847018150388937]
