mean_accuracy: 0.20599312392561336
mean_auc: 0.48957855436076897
mean_f1: 0.16507711829698316
mean_auprc: 0.09493609798663746
mean_recall: 0.899162998316875
mean_precision: 0.09860435108735792
accuracies_per_class: [0.2802781684638225, 0.5294967963744335, 0.10904047507423034, 0.8349351461165807, 0.12873105172683233, 0.06344741365838412, 0.04356149398343491, 0.38548992030004686, 0.06840912642600407, 0.07047976246288483, 0.1828410689170183, 0.23898265353961556, 0.07180809501484607, 0.011408032505078918, 0.07098765432098765]
auc_scores_per_class: [0.5278703083178812, 0.5293676457861128, 0.49789475286124296, 0.5666486443625651, 0.48817963617559024, 0.467638642250515, 0.4692023072851135, 0.49098002430801163, 0.4347422717063139, 0.4759872162137668, 0.5225631032526421, 0.4896309948839751, 0.486649102678814, 0.44272560692113444, 0.453598058407857]
auprc_scores_per_class: [0.017836398045746854, 0.038855726408124555, 0.1034178985934953, 0.054686702361329415, 0.12483713058714663, 0.05800172778761887, 0.03882534617000636, 0.37666538477723577, 0.057420439542644156, 0.041480608909710434, 0.19277766861471754, 0.2339710388784085, 0.020473622545803986, 0.0028981442613053776, 0.06189363231626845]
f1_scores_per_class: [0.036405481300238254, 0.07596102070229518, 0.18898253678123508, 0.10087252255455377, 0.22718924149675324, 0.11925931256799102, 0.08197397453916735, 0.5563171661628287, 0.12786657281281255, 0.08576698348232532, 0.3079671757939863, 0.38553988521901694, 0.04286519978842104, 0.0067514522800206575, 0.13243824897310208]
recall_scores_per_class: [0.8, 0.5351351351351351, 0.9969981238273922, 0.22170252572497662, 0.9996950289722476, 1.0, 1.0, 1.0, 1.0, 0.9763779527559056, 0.9991412623443539, 0.9998363874345549, 0.9585585585585585, 1.0, 1.0]
precision_scores_per_class: [0.018626558903816304, 0.0408820614469772, 0.10438437966527854, 0.0652892561983471, 0.12815700993040893, 0.06341082242625513, 0.04273871901149605, 0.3853458382180539, 0.06829992576095026, 0.04485350267272216, 0.1820386450754909, 0.2388135526984251, 0.021922775786046896, 0.003387160299330445, 0.07091505821676955]
