mean_accuracy: 0.6256837005782153
mean_auc: 0.616639306293695
mean_f1: 0.20344220825485332
mean_auprc: 0.14513506616957544
mean_recall: 0.5275949565482804
mean_precision: 0.1394112009178761
accuracies_per_class: [0.961400218784185, 0.8859587435536803, 0.4617518362244101, 0.8437646507266761, 0.17772308173152054, 0.8326691670573527, 0.04285825910298484, 0.5191826847944991, 0.77195655571183, 0.8481012658227848, 0.6285747773089545, 0.5586810439131115, 0.31086888576340055, 0.992420690732927, 0.5493436474449133]
auc_scores_per_class: [0.6777723415228913, 0.7551895594674565, 0.5994221427640455, 0.6950927640766864, 0.5134179326271349, 0.6197433835184114, 0.43890032473197543, 0.659200532782222, 0.6034792386487419, 0.668182081153486, 0.7017411882086109, 0.6467798227314452, 0.5053040940785041, 0.5490261456975377, 0.6163380423962783]
auprc_scores_per_class: [0.04124522089253437, 0.08320965497826212, 0.14899297508911746, 0.09216688289946043, 0.13520601968615306, 0.10144890558803366, 0.037254040616926755, 0.5617122559830202, 0.10321465637737556, 0.084035608842698, 0.32169141538482343, 0.34652118227396905, 0.021215874675884774, 0.004320733522012405, 0.09479056573336087]
f1_scores_per_class: [0.09689213414929052, 0.1492276264901234, 0.21386590326991442, 0.16005040609546498, 0.22800131835482146, 0.15904181776636875, 0.08191868012124306, 0.5633802771410886, 0.16339400513097188, 0.16098402735833778, 0.4012092923204204, 0.43219060597746, 0.044629799557692, 0.0299999950980008, 0.16684723499160142]
recall_scores_per_class: [0.12183908045977011, 0.27675675675675676, 0.7031894934333959, 0.35640785781103834, 0.9478499542543458, 0.24953789279112754, 1.0, 0.8051921711793936, 0.32608695652173914, 0.326334208223972, 0.6837698583082868, 0.7033704188481675, 0.7423423423423423, 0.03488372093023256, 0.6363636363636364]
precision_scores_per_class: [0.08042488619119878, 0.10215482841181166, 0.12611036339165546, 0.10319609967497291, 0.12958639092728486, 0.11671469740634005, 0.042708658955923726, 0.4332642147768198, 0.10900745840504876, 0.10684617588083643, 0.28389339513325607, 0.3119286025250326, 0.023006477551932098, 0.02631578947368421, 0.09600997506234414]
