mean_accuracy: 0.5033333333333334
mean_auc: 0.5344022772942921
mean_f1: 0.21194934117297032
mean_auprc: 0.15130638368265972
mean_recall: 0.7586372269705602
mean_precision: 0.13327329349911224
accuracies_per_class: [0.0, 0.71, 0.62, 0.88, 0.33, 0.31, 0.86, 0.4, 0.73, 0.7, 0.25, 0.5, 0.07, 0.66, 0.53]
auc_scores_per_class: [nan, 0.5705263157894737, 0.5258152173913043, 0.46223958333333326, 0.495579133510168, 0.5416666666666667, 0.7857142857142857, 0.49609375, 0.5326086956521738, 0.5886524822695036, 0.5285149632975721, 0.6420598680872652, 0.22852233676975944, 0.6666666666666667, 0.416971916971917]
auprc_scores_per_class: [0.5, 0.056835937359815125, 0.08423520069750699, 0.04060646174218405, 0.11876721495130066, 0.06099266089572483, 0.04181547619047619, 0.3864711587760744, 0.10886244544470645, 0.07173613880028354, 0.2809730265529477, 0.4115078304374466, 0.018120359899685044, 0.014285714285714285, 0.07438612920602998]
f1_scores_per_class: [0.0, 0.17142856897959186, 0.17391304060491497, 0.14285713877551035, 0.26373626128728417, 0.14814814677640606, 0.12499999781250003, 0.5454545414876033, 0.27027026688093503, 0.16666666388888893, 0.38016528617717377, 0.49999999605800005, 0.06060606001836548, 0.05555555501543211, 0.17543859383194835]
recall_scores_per_class: [1.0, 0.6, 0.5, 0.25, 0.9230769230769231, 1.0, 0.5, 1.0, 0.625, 0.5, 1.0, 0.9259259259259259, 1.0, 1.0, 0.5555555555555556]
precision_scores_per_class: [0.0, 0.1, 0.10526315789473684, 0.1, 0.15384615384615385, 0.08, 0.07142857142857142, 0.375, 0.1724137931034483, 0.1, 0.23469387755102042, 0.3424657534246575, 0.03125, 0.02857142857142857, 0.10416666666666667]
