mean_accuracy: 0.8263608897223522
mean_auc: 0.6911383529780724
mean_f1: 0.27250395024674456
mean_auprc: 0.2133494932774961
mean_recall: 0.38795618032647167
mean_precision: 0.22483811639872628
accuracies_per_class: [0.9660103141115799, 0.8969760900140648, 0.8533364588216908, 0.9365135177371464, 0.7139787466791686, 0.8566182215971245, 0.9466322862947335, 0.6670573527113611, 0.8677918424753868, 0.8129395218002813, 0.770745428973277, 0.5651273636505704, 0.8766213470854821, 0.9932802000312548, 0.6717846538521643]
auc_scores_per_class: [0.7180609746793866, 0.8050055048766087, 0.8020857662309058, 0.8029581420418185, 0.705077540082946, 0.6302083554205917, 0.8164756904311696, 0.7067729040913696, 0.5536041885603482, 0.6709274874767346, 0.7690613316191937, 0.6081390928158532, 0.6662387918048635, 0.5162884140282424, 0.5961711105110534]
auprc_scores_per_class: [0.057573724552536495, 0.13406932433806726, 0.34339219087498957, 0.22677793066851248, 0.27061387130999476, 0.1259165347754988, 0.2872940498209193, 0.632770327195783, 0.10984683019699802, 0.0874774105593184, 0.44932339159424517, 0.32542732635873134, 0.044223658339931374, 0.0052350855295293765, 0.10030074304738557]
f1_scores_per_class: [0.12825650810830097, 0.21071535068002684, 0.43768723307023477, 0.32432431938595013, 0.3302534035396762, 0.18299198113715281, 0.3756855525868415, 0.5944222299322287, 0.1569506677290074, 0.14985795131025906, 0.4938761380255234, 0.4015913078827034, 0.09200689783532975, 0.04444443945432154, 0.16449527302361136]
recall_scores_per_class: [0.1471264367816092, 0.38054054054054054, 0.548217636022514, 0.3648269410664172, 0.5504727050930162, 0.2532347504621072, 0.37602927721866425, 0.633302910455329, 0.18020594965675057, 0.36920384951881013, 0.6146414770287677, 0.6110929319371727, 0.2882882882882883, 0.046511627906976744, 0.4556473829201102]
precision_scores_per_class: [0.11367673179396093, 0.1456953642384106, 0.3642483171278983, 0.29191616766467066, 0.23588604286461057, 0.14325548971767166, 0.37534246575342467, 0.560039458344543, 0.13901147396293026, 0.09400757406994877, 0.4127739331026528, 0.29906317559452317, 0.05473828258638385, 0.0425531914893617, 0.1003640776699029]
