mean_accuracy: 0.828772724904933
mean_auc: 0.7079530385137568
mean_f1: 0.2728071941109987
mean_auprc: 0.21167792162642485
mean_recall: 0.3886083410337743
mean_precision: 0.22944590186003014
accuracies_per_class: [0.9410845444600718, 0.890295358649789, 0.8565010157837162, 0.9283481794030317, 0.7564853883419285, 0.8375527426160337, 0.9497968432567588, 0.6733473980309423, 0.8443897483981873, 0.877754336615096, 0.7500390686044694, 0.6007579309267073, 0.8625566494764807, 0.9956243162994218, 0.6670573527113611]
auc_scores_per_class: [0.7492381705494775, 0.8147195032574628, 0.807525423157473, 0.8063490901743113, 0.703007721928737, 0.6065693025623224, 0.7893880574550332, 0.7118965150385399, 0.6415696987672499, 0.650868849446001, 0.7366895919708317, 0.6253352193395898, 0.6740812814731588, 0.6886986863336767, 0.6133584662524878]
auprc_scores_per_class: [0.05490876808440668, 0.13202847003924698, 0.36114988787192187, 0.23138697496479194, 0.27529055653814416, 0.1093397314447479, 0.2541942823160222, 0.6401068651145136, 0.13266227604885936, 0.07923661904306331, 0.4022486931275035, 0.33803790359444336, 0.047327134908942095, 0.012322208266053477, 0.10492845303371286]
f1_scores_per_class: [0.11709601493896346, 0.2182628024120432, 0.4460865583051243, 0.3272193642715187, 0.33100783057851774, 0.1713830167474534, 0.33246752755944825, 0.5955985439828121, 0.21671582636336587, 0.1420345446406673, 0.45024917890757976, 0.4128023858352672, 0.09609455048377763, 0.0666666626055558, 0.16842310403288555]
recall_scores_per_class: [0.22988505747126436, 0.4237837837837838, 0.5549718574108818, 0.41721234798877455, 0.47026532479414457, 0.2649414664202095, 0.292772186642269, 0.6243788662407463, 0.31521739130434784, 0.22659667541557305, 0.562473164448261, 0.587696335078534, 0.33693693693693694, 0.046511627906976744, 0.47548209366391186]
precision_scores_per_class: [0.07855459544383346, 0.14698162729658792, 0.3729198184568835, 0.2691611345805673, 0.2553825770122557, 0.12665684830633284, 0.38461538461538464, 0.5693545404105789, 0.16511836979322744, 0.10343450479233227, 0.3753581661891118, 0.31812948365955185, 0.05603835780641295, 0.11764705882352941, 0.10233606071386221]
