mean_accuracy: 0.8248710736052506
mean_auc: 0.6928425343391479
mean_f1: 0.2613505719826396
mean_auprc: 0.20849416405901977
mean_recall: 0.37550799185843253
mean_precision: 0.2127704491183857
accuracies_per_class: [0.9508907641819034, 0.9087357399593686, 0.8504844506954211, 0.9308876386935458, 0.688310673542741, 0.8443506797937178, 0.9456946397874668, 0.629317080793874, 0.832083137990311, 0.8333333333333334, 0.7689482731676824, 0.645960306297859, 0.861970620409439, 0.9877324581965932, 0.6943663072355055]
auc_scores_per_class: [0.6822350956392557, 0.7622888893514324, 0.7816230566239872, 0.8300488650315417, 0.693136162191401, 0.6346708747279074, 0.7818203562952258, 0.6998722438913932, 0.644773916632187, 0.6534228946855001, 0.7539336935427056, 0.660392406650483, 0.6716391604255507, 0.6095249924790096, 0.5332554069196385]
auprc_scores_per_class: [0.04759417796049739, 0.1088659719667299, 0.32780102434701125, 0.22523503136688483, 0.25777609676136787, 0.11932711814699279, 0.25345392191635074, 0.6330408106516551, 0.1337361347341697, 0.07808015264580409, 0.43816986061020174, 0.3667430446108186, 0.04849434371374176, 0.005144358538835086, 0.08395041291423577]
f1_scores_per_class: [0.10660980383067924, 0.18378755677121264, 0.4021246631605977, 0.3060023489942517, 0.31636674831589223, 0.17855669657781198, 0.31996085608088304, 0.5872270028446633, 0.20081814362271766, 0.14164989585459567, 0.4783912458205152, 0.44281849014373514, 0.09526248155636187, 0.018749996069532072, 0.1419326500961452]
recall_scores_per_class: [0.1724137931034483, 0.2843243243243243, 0.48292682926829267, 0.3648269410664172, 0.5629765172308631, 0.26678989525569935, 0.2991765782250686, 0.6844133455024846, 0.30892448512585813, 0.3079615048118985, 0.5822241305281236, 0.5891688481675392, 0.33513513513513515, 0.03488372093023256, 0.35647382920110193]
precision_scores_per_class: [0.07716049382716049, 0.1357769747031492, 0.34448608137044967, 0.2635135135135135, 0.21999761649386246, 0.13418035326929037, 0.3438485804416404, 0.5142095238095238, 0.1487603305785124, 0.0919780506924484, 0.4059880239520958, 0.3547084318360914, 0.05552238805970149, 0.01282051282051282, 0.08860586140783347]
