mean_accuracy: 0.5054696046257228
mean_auc: 0.5835509057846807
mean_f1: 0.20398754343913308
mean_auprc: 0.14790534136530822
mean_recall: 0.6395527732981025
mean_precision: 0.147934586503612
accuracies_per_class: [0.8905297702766057, 0.8581809657759025, 0.6840521956555712, 0.9145960306297859, 0.528402875449289, 0.3376699484294421, 0.9208470073448977, 0.6302156586966714, 0.06833098921706517, 0.6162681669010783, 0.7473433348960775, 0.24542897327707455, 0.047077668385685265, 0.008477887169870291, 0.08462259728082513]
auc_scores_per_class: [0.6856503428266789, 0.5248276836684278, 0.6207696341328415, 0.7823879817370086, 0.6218716196465077, 0.5347831621726631, 0.75681150606164, 0.6913740329634992, 0.46644105219786336, 0.5950558142159192, 0.6874868680359576, 0.5026271976012537, 0.43741575527846044, 0.3537955931554429, 0.4919653430760464]
auprc_scores_per_class: [0.03682471724223565, 0.04411221710983547, 0.15624500763960425, 0.16207956951584324, 0.1885518296162575, 0.06866757010636296, 0.1677274126961935, 0.6076455394396011, 0.060065605793868826, 0.056784432802260906, 0.3541485394718654, 0.22591571770830443, 0.01780666288072497, 0.0023371194424204617, 0.06966817901424444]
f1_scores_per_class: [0.07768268352393716, 0.09068135916500475, 0.22560566506769003, 0.2356643309829846, 0.271294895707902, 0.13021394337093625, 0.23547169326649778, 0.5826903526531096, 0.1278572200298045, 0.10513848209917603, 0.40946031836960456, 0.38576516669382654, 0.04262668246425429, 0.006731634702586562, 0.13292872348968177]
recall_scores_per_class: [0.271264367816092, 0.19567567567567568, 0.4420262664165103, 0.31524789522918617, 0.6852698993595608, 0.7818853974121996, 0.28545288197621227, 0.6701145928404827, 1.0, 0.5048118985126859, 0.48132245598969514, 0.9923102094240838, 0.9783783783783784, 1.0, 0.9895316804407713]
precision_scores_per_class: [0.04533230887437572, 0.05901532442125856, 0.15145281563383903, 0.18816303740926857, 0.1691253951527924, 0.07102081934184017, 0.2003853564547206, 0.5154446177847114, 0.06829458878687243, 0.058679955252720434, 0.35626887017320835, 0.23942049581556923, 0.02178797849289784, 0.003377184370704889, 0.07125004958939977]
