mean_accuracy: 0.7443064020419858
mean_auc: 0.6681749927915103
mean_f1: 0.2397576226971975
mean_auprc: 0.17855410504657968
mean_recall: 0.4428462256852051
mean_precision: 0.19488132803623565
accuracies_per_class: [0.8152836380684482, 0.841147054227223, 0.824933583372402, 0.93342709798406, 0.7498827941865917, 0.25836068135646195, 0.8905297702766057, 0.6713158305985311, 0.7290982966088452, 0.870682919206126, 0.7686357243319268, 0.23980309423347398, 0.9325285200812627, 0.9960931395530551, 0.6428738865447726]
auc_scores_per_class: [0.6162603408760228, 0.7710151430665394, 0.7195822069356778, 0.8162696973225474, 0.6592020371632826, 0.5462840216706106, 0.7466602199950945, 0.7009528892662988, 0.5942202743615745, 0.6773894527037226, 0.7789606331658362, 0.5179256904376366, 0.6367582030335115, 0.6775655693617642, 0.5635785125125354]
auprc_scores_per_class: [0.026796534045065355, 0.0933372148555659, 0.24881353874393863, 0.1958584934961613, 0.23481144492021427, 0.07194633110750118, 0.12226806374321623, 0.6307011732612715, 0.09438555726908679, 0.09228577195627462, 0.4402572657741576, 0.26899904205499614, 0.04261945858974449, 0.02418258288470928, 0.09104910299679218]
f1_scores_per_class: [0.05288461379369256, 0.1623403347806846, 0.33644305756467957, 0.2876254131165794, 0.30473500844627066, 0.13117305002293983, 0.20713072577840658, 0.5850554820567406, 0.16154775966497817, 0.1691767027355621, 0.48152687312480585, 0.3856403100956566, 0.0934383160807657, 0.09090908749752079, 0.14673760569867997]
recall_scores_per_class: [0.30344827586206896, 0.4259459459459459, 0.42626641651031894, 0.32179607109448083, 0.42787435193656603, 0.8829328404189772, 0.33485818847209514, 0.6014602981442044, 0.38215102974828374, 0.29483814523184604, 0.5903821382567626, 0.9991819371727748, 0.16036036036036036, 0.05813953488372093, 0.43305785123966944]
precision_scores_per_class: [0.028966425279789335, 0.10027996945787732, 0.27788649706457924, 0.2600151171579743, 0.2366334963737561, 0.07084940176011074, 0.14993854977468252, 0.5695217975801805, 0.1024225697638761, 0.1186202041534671, 0.4065641632170313, 0.2389280125195618, 0.06592592592592593, 0.20833333333333334, 0.08833445718138908]
