mean_accuracy: 0.6227249049330623
mean_auc: 0.6357800408550103
mean_f1: 0.2318726255799458
mean_auprc: 0.1713239764130236
mean_recall: 0.5569507057736501
mean_precision: 0.17283002709649642
accuracies_per_class: [0.9639396780746992, 0.871464291295515, 0.8261447101109548, 0.9174089701515862, 0.45768870135958745, 0.11880762619159244, 0.923659946866698, 0.6204094389748398, 0.4251836224410064, 0.8447804344428816, 0.6681903422409752, 0.6208001250195343, 0.02297233942803563, 0.9796452570714174, 0.07977809032661354]
auc_scores_per_class: [0.6929703285553679, 0.7416914705634254, 0.7823933829386029, 0.7710042764959621, 0.5645846220672126, 0.4984818102127062, 0.76394417264066, 0.6924232693995311, 0.54928203757282, 0.6620547339569303, 0.6773504785294875, 0.6619532255154181, 0.41965004419778595, 0.5854760559014704, 0.4734407042777744]
auprc_scores_per_class: [0.05509483336954538, 0.09406852272686647, 0.3073537737813246, 0.1626239646466912, 0.15832788859559627, 0.062270080942583426, 0.20326157028915906, 0.6055388218513797, 0.07091454240984846, 0.08341852469596045, 0.3117920273179411, 0.36811156985263793, 0.017863273820012383, 0.0054620376611557745, 0.06375821423465218]
f1_scores_per_class: [0.12345678527447038, 0.17086693190842395, 0.39057791922114776, 0.24661439300253918, 0.24060396882674906, 0.12062848335584163, 0.2654135289933547, 0.5820715711645701, 0.14771476386375174, 0.1516122107024427, 0.3893003478854491, 0.443399467863573, 0.04249942526747347, 0.02979515559675302, 0.13353443077264754]
recall_scores_per_class: [0.14942528735632185, 0.36648648648648646, 0.5350844277673545, 0.323666978484565, 0.6706312900274474, 0.9531731361675909, 0.322964318389753, 0.6861373085893926, 0.7294050343249427, 0.310586176727909, 0.5811507084585659, 0.6325261780104712, 1.0, 0.09302325581395349, 1.0]
precision_scores_per_class: [0.10517799352750809, 0.11140322050607952, 0.3075264179426353, 0.19919401266551526, 0.1466, 0.064388579039374, 0.22527121888959795, 0.505415701800254, 0.08217853689977442, 0.10028248587570622, 0.29268028976105526, 0.34133851315557123, 0.021711066776199977, 0.017738359201773836, 0.07154401040640151]
