mean_accuracy: 0.71321821117883
mean_auc: 0.6480306766063246
mean_f1: 0.21912753209193037
mean_auprc: 0.16140339674389256
mean_recall: 0.45306014760616065
mean_precision: 0.16020565003932674
accuracies_per_class: [0.8609157680887639, 0.8870135958743554, 0.7501172058134083, 0.8881856540084389, 0.6298640412564463, 0.8205188310673542, 0.927332395686826, 0.656157212064385, 0.5241443975621191, 0.8263009845288326, 0.6396311923738084, 0.2614471011095484, 0.8887326144710112, 0.989021722144085, 0.14889045163306766]
auc_scores_per_class: [0.6633901125030665, 0.779605511230496, 0.6950732203135224, 0.7954237294018165, 0.6168998279975428, 0.6525908215853535, 0.7090869691666113, 0.6983261938981715, 0.539317121997671, 0.6786965471175997, 0.6025920502745004, 0.5438967289982061, 0.5835663745691301, 0.6998411475663898, 0.46215379247478977]
auprc_scores_per_class: [0.031973728427396785, 0.10869611231280735, 0.18656097620934486, 0.16520314338355838, 0.1938796509937391, 0.11575346336673636, 0.17723673038643595, 0.62214195847679, 0.08002535394813058, 0.08358080131920659, 0.2829751822783154, 0.27464376505259486, 0.028932032572928208, 0.006944803944190768, 0.06250324848621377]
f1_scores_per_class: [0.06903765488746619, 0.18351213617484763, 0.274171579984049, 0.2428571388006229, 0.2636405993419534, 0.18459353512439317, 0.25241157063636976, 0.5866328445880008, 0.13334281837115655, 0.15152671414626853, 0.3354466814195704, 0.38699007399920893, 0.06130520465737912, 0.02768165671914911, 0.13376277252852067]
recall_scores_per_class: [0.30344827586206896, 0.35135135135135137, 0.45328330206378986, 0.4293732460243218, 0.5172308630680086, 0.3203943314849045, 0.28728270814272644, 0.633302910455329, 0.5360411899313501, 0.347331583552056, 0.49978531558608846, 0.9762761780104712, 0.16756756756756758, 0.046511627906976744, 0.9267217630853994]
precision_scores_per_class: [0.0389495426379463, 0.1241880015284677, 0.1965186269725069, 0.16931021763187015, 0.17690622718264315, 0.12964348042882073, 0.22508960573476702, 0.5463692038495188, 0.07614171948642938, 0.09690017085672444, 0.2524398178269356, 0.24132492113564669, 0.03751512706736587, 0.019704433497536946, 0.07208365475272135]
