mean_accuracy: 0.8390972547793927
mean_auc: 0.7048300360028396
mean_f1: 0.2678593089176186
mean_auprc: 0.20613467528451607
mean_recall: 0.36866595858723855
mean_precision: 0.21883524816217517
accuracies_per_class: [0.945186747929364, 0.8985779027973121, 0.8498202844194406, 0.9308485700890764, 0.7774261603375527, 0.8639240506329114, 0.9301453352086263, 0.6516643225503985, 0.8867010470385998, 0.8654477262072199, 0.7523831848726363, 0.6125957180809501, 0.943272386310361, 0.9933583372401937, 0.6851070479762463]
auc_scores_per_class: [0.7612675062254256, 0.808739377779141, 0.7952446866662473, 0.7972573742542868, 0.7177775670571052, 0.6256902950919394, 0.7330461505189778, 0.7107191035791529, 0.6074569239815553, 0.6385159431850964, 0.7698230162936632, 0.6640342809471269, 0.695013798991276, 0.654735489046703, 0.5931290264248966]
auprc_scores_per_class: [0.07058499706768007, 0.13029560421348535, 0.33834544987279014, 0.22035588852026405, 0.28520366762600513, 0.11094982944683354, 0.14538186771728784, 0.6322777666883251, 0.13281717831149936, 0.075657427961147, 0.4257738064973637, 0.36450828713957717, 0.05285410996895351, 0.008796493275808377, 0.09821775496072058]
f1_scores_per_class: [0.14189602055943673, 0.21807228513685772, 0.42386090647326785, 0.3118195907877786, 0.33855798901504025, 0.1657484982415767, 0.2493702721119388, 0.5943954094828392, 0.18309858655045283, 0.14456035360905617, 0.47654442869830327, 0.4520335941117967, 0.10701106561423476, 0.04494381523040076, 0.16597681814129958]
recall_scores_per_class: [0.26666666666666666, 0.39135135135135135, 0.5305816135084428, 0.37511693171188026, 0.444647758462946, 0.21318545902649413, 0.2717291857273559, 0.6625088733394179, 0.1859267734553776, 0.2545931758530184, 0.6193645341348218, 0.669175392670157, 0.15675675675675677, 0.046511627906976744, 0.4418732782369146]
precision_scores_per_class: [0.09666666666666666, 0.15114822546972861, 0.3528824557025206, 0.26679973386560213, 0.27334083239595053, 0.13557993730407525, 0.230411171450737, 0.5389819321838132, 0.18035516093229745, 0.10093652445369407, 0.387248322147651, 0.34128838451268356, 0.08123249299719888, 0.043478260869565216, 0.10217862148044336]
