mean_accuracy: 0.7500364640308381
mean_auc: 0.696559447323178
mean_f1: 0.2508865343276828
mean_auprc: 0.19369259469796543
mean_recall: 0.47433487887004483
mean_precision: 0.18523503471312106
accuracies_per_class: [0.9476090014064698, 0.8120018752930145, 0.8441553367713706, 0.9292858259102985, 0.7051101734646038, 0.5577433974058447, 0.8685732145647758, 0.5832942647288639, 0.21667448038756057, 0.8345835286763557, 0.7732848882637913, 0.5067588685732146, 0.9039303016096265, 0.9870682919206126, 0.7804735114861697]
auc_scores_per_class: [0.7184183056518321, 0.7849514968334635, 0.811914722878154, 0.8141940176044704, 0.6624782721637322, 0.5936445907684346, 0.7392936817229355, 0.7100592355121638, 0.508724879998956, 0.662351319486283, 0.7675280831780398, 0.6376467835805134, 0.6540204155275439, 0.7336985951701567, 0.64946730977099]
auprc_scores_per_class: [0.04657137166360696, 0.10473184719106872, 0.3440857422991798, 0.21349028853233973, 0.2349764345459681, 0.08788851646783502, 0.10916990422069593, 0.6360041655436413, 0.0779375495117927, 0.08324095470411844, 0.43809018054355775, 0.34723976935148276, 0.04335299928965353, 0.013961692693416681, 0.12464750391112403]
f1_scores_per_class: [0.1054035982819769, 0.17205780874816573, 0.442954889894686, 0.2989930238078043, 0.3034329968867357, 0.1457893126709511, 0.18190661088291585, 0.5893585846482772, 0.1293208254166115, 0.15150300248021423, 0.49020468637105324, 0.4241207823673665, 0.09161432995041256, 0.05157592751816515, 0.18506163498990616]
recall_scores_per_class: [0.18160919540229886, 0.5405405405405406, 0.5951219512195122, 0.36108512628624884, 0.5013723696248856, 0.5951940850277264, 0.3421774931381519, 0.7761890274819998, 0.8518306636155606, 0.33070866141732286, 0.5989695148132246, 0.7606348167539267, 0.22342342342342342, 0.10465116279069768, 0.3515151515151515]
precision_scores_per_class: [0.07424812030075188, 0.1023122570083896, 0.3527580071174377, 0.25512227362855255, 0.21754664549424374, 0.08306819158999054, 0.12388208015899305, 0.47502017004902874, 0.0699718045112782, 0.09825838315570574, 0.41486988847583645, 0.2940357978622478, 0.05762081784386617, 0.034220532319391636, 0.12559055118110235]
