mean_accuracy: 0.8192269625462314
mean_auc: 0.6908690191936859
mean_f1: 0.25937063450290854
mean_auprc: 0.2052151063604456
mean_recall: 0.3859944388697631
mean_precision: 0.21117167437940637
accuracies_per_class: [0.9692920768870136, 0.8332942647288639, 0.8486091576808876, 0.9313955305516487, 0.7156196280668855, 0.8136036880762619, 0.9388967026097828, 0.6481090795436787, 0.8717377715268011, 0.7835599312392562, 0.7671120487576184, 0.6070479762462885, 0.9293639631192374, 0.9090873573995937, 0.7216752617596499]
auc_scores_per_class: [0.7073794647527396, 0.7498637529345648, 0.774066174377607, 0.8163297483619263, 0.6986702855960683, 0.6180362617330408, 0.7790752623266737, 0.7011012785374796, 0.6193780456046186, 0.6591873230911771, 0.7655588883920348, 0.6405019462875163, 0.6800845172475698, 0.5801475481571294, 0.5736547905051409]
auprc_scores_per_class: [0.050701925220350844, 0.0890944449643643, 0.32362204345692314, 0.2119911544815925, 0.2544091877448071, 0.11280219314417744, 0.24073933174342088, 0.6435092336745911, 0.13505936140306746, 0.07869597792777293, 0.44238036980414963, 0.3465788376021176, 0.049440012710579684, 0.0047186733636691664, 0.09448384816510026]
f1_scores_per_class: [0.11685392758679482, 0.15488215188934149, 0.4028355630436192, 0.29021826510030924, 0.32181123213035584, 0.16751002909310134, 0.31523642232969556, 0.5876104524437032, 0.2060459443334312, 0.1386815891172795, 0.4888965055342956, 0.426240725634919, 0.0978043872126258, 0.015234870225390803, 0.1606974518687649]
recall_scores_per_class: [0.11954022988505747, 0.4227027027027027, 0.49043151969981236, 0.33582787652011226, 0.5266849649283318, 0.2957486136783734, 0.32936870997255263, 0.6507453605111043, 0.2437070938215103, 0.3902012248468941, 0.6120652640618292, 0.6112565445026178, 0.17657657657657658, 0.20930232558139536, 0.37575757575757573]
precision_scores_per_class: [0.11428571428571428, 0.09481086323957323, 0.3417887029288703, 0.25551601423487547, 0.23168768446471694, 0.11684518013631938, 0.3022670025188917, 0.5356427378964942, 0.17846669459572687, 0.08432595953866516, 0.40699500356887935, 0.32720266246277807, 0.06763285024154589, 0.007905138339920948, 0.10220290723812378]
