mean_accuracy: 0.755287284471532
mean_auc: 0.6687043178357341
mean_f1: 0.2473916449431538
mean_auprc: 0.19032237929136456
mean_recall: 0.4379757031472188
mean_precision: 0.19446204625910926
accuracies_per_class: [0.931942491014221, 0.866502578527895, 0.8525941553367714, 0.9372167526175965, 0.7623456790123457, 0.5021487732458196, 0.8444288170026567, 0.6351773714642913, 0.06926863572433192, 0.8806454133458352, 0.7037818409126426, 0.6468979528051259, 0.9440928270042194, 0.9953899046726051, 0.7568760743866229]
auc_scores_per_class: [0.7031750469505123, 0.7176137208912532, 0.8058013259944611, 0.8487741864666963, 0.727571473083584, 0.5438699662608214, 0.7261794670174824, 0.7055047234732466, 0.439037687294129, 0.6530229273011425, 0.6358991559082139, 0.666279738288417, 0.5187742912434419, 0.6757739782848495, 0.66328707907776]
auprc_scores_per_class: [0.0603647568187877, 0.09325665253507569, 0.34668185462606826, 0.28364864206384227, 0.2987991974067385, 0.07405263265270087, 0.09215724303634963, 0.6281208172078817, 0.059686522341246405, 0.09386191437203194, 0.28667448099822096, 0.36554412184963603, 0.027189447117555117, 0.010226093575842716, 0.1345713127684904]
f1_scores_per_class: [0.12020201677341606, 0.15147752315605703, 0.4273789601241196, 0.3600159250187333, 0.3563644013514773, 0.12927912341235168, 0.16379672052864885, 0.5901869519937707, 0.12796954380749326, 0.15909716056485623, 0.37099717461752185, 0.45336881111331473, 0.05294506484255584, 0.04838709252341348, 0.1994082043195769]
recall_scores_per_class: [0.2735632183908046, 0.32972972972972975, 0.5283302063789869, 0.42282507015902715, 0.5135712107349801, 0.5828712261244609, 0.35681610247026535, 0.6818781056687963, 1.0, 0.25284339457567806, 0.48003434950622587, 0.6132198952879581, 0.07207207207207207, 0.03488372093023256, 0.42699724517906334]
precision_scores_per_class: [0.07702265372168285, 0.09832366215344938, 0.35881753312945974, 0.31345353675450766, 0.2728451069345431, 0.07270212111896711, 0.10629599345870809, 0.5202321083172147, 0.06835868757576942, 0.11606425702811245, 0.3023255813953488, 0.35962387257724043, 0.04184100418410042, 0.07894736842105263, 0.13007720711648205]
