mean_accuracy: 0.6675756628639891
mean_auc: 0.6635174332152712
mean_f1: 0.23319932532979556
mean_auprc: 0.17307947196809337
mean_recall: 0.5229640865265783
mean_precision: 0.1730808724257379
accuracies_per_class: [0.7512501953430224, 0.8614236599468666, 0.104391311142366, 0.9099468666979216, 0.6658071573683388, 0.522308173152055, 0.9400296921393968, 0.656938584153774, 0.769260822003438, 0.876347866854196, 0.7108923269260822, 0.24671823722456634, 0.9352242537896547, 0.991717455852477, 0.07137834036568214]
auc_scores_per_class: [0.6067255609506959, 0.7705474093119508, 0.5361770440614608, 0.8114968315591802, 0.6636797831266118, 0.5653152001793762, 0.7733037637268233, 0.6971182016621441, 0.6521304455295437, 0.6789315400311394, 0.7418408797840697, 0.5581121619054324, 0.5873586057604268, 0.8165505091482592, 0.49347356149195665]
auprc_scores_per_class: [0.024405787007289115, 0.09774105847242079, 0.12739245627933285, 0.19805732490601866, 0.23145824524521721, 0.0719450508958476, 0.21964851415991377, 0.6155448496177661, 0.11673119274713892, 0.08393419279621699, 0.39488562087206747, 0.28585402929759585, 0.037808984779028734, 0.02127171802064887, 0.06951305442489758]
f1_scores_per_class: [0.04984330575507635, 0.1667841168710007, 0.18864585374557274, 0.2817076926588424, 0.29619877835384895, 0.13973122994769913, 0.3094916729141157, 0.5876884018452078, 0.19405021470786818, 0.152156438290774, 0.45612229448281866, 0.38624860421908697, 0.07062779840425759, 0.08620689188614769, 0.13248658586461667]
recall_scores_per_class: [0.3839080459770115, 0.3837837837837838, 1.0, 0.42282507015902715, 0.5489478499542544, 0.6118299445471349, 0.31473010064043916, 0.6346212351688469, 0.40675057208237986, 0.2484689413823272, 0.6661657363675397, 0.9926374345549738, 0.11351351351351352, 0.11627906976744186, 1.0]
precision_scores_per_class: [0.026651771465049472, 0.10654261704681872, 0.10414631286881082, 0.21121495327102804, 0.2028169014084507, 0.07887212073073868, 0.30442477876106194, 0.5472193074501573, 0.12741935483870967, 0.10965250965250965, 0.3467814036656236, 0.23977393984902975, 0.05126118795768918, 0.0684931506849315, 0.07094277673545966]
