mean_accuracy: 0.8404386101995105
mean_auc: 0.6961300563928976
mean_f1: 0.2691740981165404
mean_auprc: 0.21105622868789994
mean_recall: 0.3639668685398757
mean_precision: 0.2264029022134912
accuracies_per_class: [0.9655024222534772, 0.9015080481325207, 0.8664635099234256, 0.9314736677605876, 0.7561728395061729, 0.8382950461009533, 0.936474449132677, 0.6759259259259259, 0.8541959681200187, 0.8791608063759963, 0.7833255196124395, 0.6337709017033911, 0.9493670886075949, 0.822667604313174, 0.8122753555243006]
auc_scores_per_class: [0.720330359838959, 0.7759932824072908, 0.82281061309387, 0.7972577747216818, 0.7197199893961861, 0.6102962695838323, 0.7715248677094976, 0.7099350176219712, 0.5855059733767713, 0.6106689430352921, 0.7327901702140417, 0.6627551697674344, 0.6885599868467964, 0.6055607468115559, 0.6282416814682833]
auprc_scores_per_class: [0.05653709327529113, 0.1261621179795324, 0.3834068948974364, 0.2094272287881917, 0.29252215416415045, 0.10725183884290275, 0.185649473562404, 0.6364321022852722, 0.12991045920605626, 0.0705099654757444, 0.42241998907940825, 0.37331195774607306, 0.048897304082713276, 0.004283756027871265, 0.11912109490545118]
f1_scores_per_class: [0.1248761100602017, 0.2197462045175946, 0.45746031257884867, 0.3023070754618844, 0.3509100319068876, 0.16670021706191254, 0.29242819344529736, 0.5965270634454684, 0.16285329267563017, 0.1357921163567023, 0.48245613543621885, 0.451556279047058, 0.09749303146938865, 0.011326508018344505, 0.18517890026666883]
recall_scores_per_class: [0.14482758620689656, 0.3837837837837838, 0.5407129455909944, 0.35547240411599623, 0.5144861238182372, 0.25508317929759705, 0.3074107959743824, 0.6218436264070581, 0.20766590389016018, 0.2125984251968504, 0.5549592099613568, 0.631380890052356, 0.12612612612612611, 0.3023255813953488, 0.30082644628099175]
precision_scores_per_class: [0.10975609756097561, 0.15394622723330442, 0.39642365887207703, 0.2629757785467128, 0.26625631313131315, 0.12380382775119617, 0.27883817427385893, 0.5731912507010656, 0.13394833948339482, 0.09975369458128079, 0.42670848464839883, 0.35145719489981786, 0.07945516458569807, 0.0057713651498335185, 0.1337579617834395]
