mean_accuracy: 0.8108571428571428
mean_auc: 0.7179192643905504
mean_f1: 0.4711834678581936
mean_auprc: 0.3982182945039763
mean_recall: 0.5869726531779421
mean_precision: 0.41141442468657397
accuracies_per_class: [0.936, 0.536, 0.636, 0.542, 0.964, 0.852, 0.866, 0.956, 0.68, 0.98, 0.86, 0.968, 0.978, 0.598]
auc_scores_per_class: [0.9355575195168655, 0.5080891648397369, 0.6885804284711284, 0.564080957883924, 0.7362804878048781, 0.8056112528861343, 0.6492788637528369, 0.7327570180330917, 0.7433274943022359, 0.8773478162480199, 0.8123543123543122, 0.7167338709677419, 0.5802020202020202, 0.7006684942047804]
auprc_scores_per_class: [0.7591435654844049, 0.48575979316221984, 0.5126996988887151, 0.6412640531117235, 0.18952503202334345, 0.5350871351111998, 0.13430400357435784, 0.08807534753056566, 0.499525244791906, 0.30938360768815426, 0.6401493589860865, 0.02292288697425645, 0.022387693741161733, 0.7348287019875733]
f1_scores_per_class: [0.724137926058264, 0.6804407668089992, 0.538071061262465, 0.6942590074513236, 0.2499999955555556, 0.5316455646210544, 0.24719100684257042, 0.2666666620222223, 0.607843132567402, 0.44444443944444445, 0.6464646414774003, 0.1111111076543211, 0.1538461491124262, 0.7004470891362626]
recall_scores_per_class: [0.6774193548387096, 0.9762845849802372, 0.7019867549668874, 0.9848484848484849, 0.375, 0.5384615384615384, 0.3793103448275862, 0.36363636363636365, 0.8104575163398693, 0.4444444444444444, 0.6153846153846154, 0.25, 0.2, 0.9003831417624522]
precision_scores_per_class: [0.7777777777777778, 0.5221987315010571, 0.43621399176954734, 0.5360824742268041, 0.1875, 0.525, 0.18333333333333332, 0.21052631578947367, 0.48627450980392156, 0.4444444444444444, 0.6808510638297872, 0.07142857142857142, 0.125, 0.573170731707317]
