mean_accuracy: 0.6999505131010053
mean_auc: 0.6644273439530728
mean_f1: 0.23556010057464505
mean_auprc: 0.179006787064273
mean_recall: 0.4923345966286631
mean_precision: 0.1767591798217177
accuracies_per_class: [0.9589779653070792, 0.865721206438506, 0.8307548054383498, 0.935341459603063, 0.7786372870761057, 0.2201906547898109, 0.5043366150961087, 0.5261759649945303, 0.8570479762462885, 0.8466557274574152, 0.7445303953742772, 0.4630020315674324, 0.8151273636505704, 0.9356540084388185, 0.2171042350367245]
auc_scores_per_class: [0.6796595899419234, 0.7701199460576869, 0.7680636165777699, 0.8402638157151263, 0.6633435797968508, 0.5042284040072911, 0.587845602041597, 0.6709063771617734, 0.661749396156589, 0.6659952838983092, 0.7384757082606765, 0.5999351788915808, 0.5814084361107243, 0.6981619155278824, 0.5362533091503126]
auprc_scores_per_class: [0.04820438504228945, 0.1030347165354189, 0.2917375968355048, 0.22374520189717664, 0.2463223194894703, 0.06635583263114034, 0.05241823242143798, 0.5938960227440123, 0.13974358599839118, 0.09492180730685112, 0.39556369101712757, 0.3059300188268139, 0.028322918831681382, 0.0069478955045758, 0.08795758088220292]
f1_scores_per_class: [0.12207357396680427, 0.17755443541394578, 0.3814962831211426, 0.30549726739863375, 0.30358898240539434, 0.12023977300167693, 0.10091417899746419, 0.5647430330381736, 0.2206602722163987, 0.15536905159517184, 0.46087888058512694, 0.4085373686436539, 0.05511181911544172, 0.02022605494824231, 0.13651053417240458]
recall_scores_per_class: [0.167816091954023, 0.4010810810810811, 0.5013133208255159, 0.34050514499532275, 0.37663921927416893, 0.8404189772027111, 0.6514181152790485, 0.7978906804583714, 0.2963386727688787, 0.31583552055993, 0.6000429368827823, 0.7766688481675392, 0.24864864864864866, 0.19767441860465115, 0.8727272727272727]
precision_scores_per_class: [0.09592641261498029, 0.11401352181929933, 0.30790504724590917, 0.2770167427701674, 0.254272184476014, 0.06475195822454308, 0.054693501305884164, 0.43703827139921125, 0.17577197149643706, 0.10302511415525115, 0.37411323785303174, 0.27716471069072224, 0.03099034358859196, 0.010658307210031349, 0.07404637247569185]
