mean_accuracy: 0.7597671511173621
mean_auc: 0.6754061883358103
mean_f1: 0.2399735216749982
mean_auprc: 0.18300087373739216
mean_recall: 0.4280323080482061
mean_precision: 0.18859021992128983
accuracies_per_class: [0.9664791373652133, 0.8954914830442257, 0.851343959993749, 0.9260431317393343, 0.6423659946866698, 0.8305594624160025, 0.9134630411001718, 0.6513517737146429, 0.06993280200031254, 0.810478199718706, 0.7671901859665573, 0.5341459603062979, 0.9109235818096577, 0.9076808876386936, 0.7190576652601969]
auc_scores_per_class: [0.6729246640143225, 0.7772664480783325, 0.7642204777314241, 0.8167737141440088, 0.6647447834437178, 0.5918401372626563, 0.7360343201995655, 0.7034648245502861, 0.4690321670158141, 0.6522487351331114, 0.7337557322830195, 0.6019784969557516, 0.664298082675943, 0.6774242659057551, 0.6050859756434489]
auprc_scores_per_class: [0.04127132192717765, 0.10729262747296137, 0.29627930558608767, 0.22618069521852022, 0.19954710254429864, 0.10008715966315995, 0.1402470048116917, 0.6256708113042845, 0.07086611761938273, 0.07437725907851019, 0.40918079491426873, 0.3061154030493809, 0.04130167615335751, 0.00700982164898451, 0.09958600506881687]
f1_scores_per_class: [0.09302325084622494, 0.18070443698045782, 0.37448626829706727, 0.3027624261650568, 0.30058068084123435, 0.1593331997968176, 0.19833513817860216, 0.5929946133119461, 0.12798534678675696, 0.13851890992367305, 0.45154164259357465, 0.40194602844982996, 0.08212560039455427, 0.021532090410455725, 0.1737331921487212]
recall_scores_per_class: [0.10114942528735632, 0.31891891891891894, 0.4273921200750469, 0.3844714686623012, 0.5998780115888991, 0.2532347504621072, 0.2506861848124428, 0.6592637663522969, 0.9994279176201373, 0.34120734908136485, 0.5266208673250322, 0.6555955497382199, 0.1837837837837838, 0.3023255813953488, 0.41652892561983473]
precision_scores_per_class: [0.08610567514677103, 0.12606837606837606, 0.33323581041544764, 0.2496962332928311, 0.20053012539504536, 0.11623303167420815, 0.16407185628742516, 0.5388313302942396, 0.0683703819661866, 0.08689839572192513, 0.3951989689060738, 0.2898162881527557, 0.05287713841368585, 0.0111635895234006, 0.10975609756097561]
