mean_accuracy: 0.7583059853102048
mean_auc: 0.7087074130931972
mean_f1: 0.25438127863289683
mean_auprc: 0.19725552559209977
mean_recall: 0.4902150414680516
mean_precision: 0.19435989195199907
accuracies_per_class: [0.9668698234099078, 0.767424597593374, 0.847944991404907, 0.9291295514924207, 0.6582669167057352, 0.7833645882169089, 0.8766213470854821, 0.6709251445538366, 0.33161431473667763, 0.8278637287076106, 0.7340990779809345, 0.5954055321143928, 0.8153617752773871, 0.8850992342553524, 0.6845991561181435]
auc_scores_per_class: [0.7173157509318151, 0.7753818631569838, 0.8180702070318958, 0.8355153403231039, 0.6823025368623499, 0.6570223191375777, 0.7697980780141602, 0.6997315433170579, 0.5494694612407951, 0.6795851051273071, 0.7481373732938496, 0.6785196947408049, 0.68283298273714, 0.6575513022708832, 0.6793776382122312]
auprc_scores_per_class: [0.054519331444439795, 0.09448233480999213, 0.3568574851112761, 0.24382666109758716, 0.23728752423336896, 0.11645051304500575, 0.12256104513971952, 0.6386631339641657, 0.08006079409170797, 0.09259968283525055, 0.37799132882332465, 0.3737260536412636, 0.04101064539552318, 0.005977533096018227, 0.12281881715285335]
f1_scores_per_class: [0.12757201151596576, 0.15834864752147773, 0.43149283778097275, 0.32363907052263524, 0.30661910039366796, 0.18754578392074134, 0.20693118637374341, 0.5850125584370326, 0.14038789911117225, 0.1601219943043736, 0.43770653855674974, 0.4550047319797148, 0.08517227837640515, 0.018030049525672467, 0.19213449117312775]
recall_scores_per_class: [0.1425287356321839, 0.6054054054054054, 0.5542213883677298, 0.4059869036482694, 0.589813967673071, 0.3943314849044978, 0.37694419030192133, 0.6020687557042896, 0.7991990846681922, 0.3674540682414698, 0.568699012451696, 0.7072971204188482, 0.3963963963963964, 0.313953488372093, 0.5289256198347108]
precision_scores_per_class: [0.1154562383612663, 0.09108653220559532, 0.35326476919397276, 0.2690638561686299, 0.20715509854327335, 0.12302960399846213, 0.14260989961924542, 0.5688961287849751, 0.07695273768866366, 0.102364123811845, 0.35576148267526186, 0.33537626066718385, 0.04771199306007374, 0.009281540048126504, 0.11738811445341159]
