mean_accuracy: 0.7000573006198886
mean_auc: 0.6545436098783697
mean_f1: 0.23374968933808873
mean_auprc: 0.1734581860317142
mean_recall: 0.5125863114162077
mean_precision: 0.16924230914611219
accuracies_per_class: [0.9033833411470542, 0.8641193936552586, 0.845249257696515, 0.9085794655414908, 0.758282544147523, 0.6253711517424597, 0.9239334270979841, 0.5210970464135021, 0.07731676824503829, 0.8493905297702766, 0.5216440068760744, 0.5781372089388968, 0.7913736521331458, 0.6627598062197219, 0.6702219096733865]
auc_scores_per_class: [0.6465796591787967, 0.7383598425550515, 0.8016748180752389, 0.7959618240916073, 0.6666695295707449, 0.5979321083106974, 0.6790098596512204, 0.6655629584236458, 0.4031431522449196, 0.6878641330223041, 0.6421325657492294, 0.6255612110849982, 0.6465821278328766, 0.6077071918900931, 0.6134131664941211]
auprc_scores_per_class: [0.028129829274291675, 0.08766665329289451, 0.33827081311116236, 0.18456070964673507, 0.25005907375395164, 0.09015876443342284, 0.15708802394743265, 0.5813638838070123, 0.05267219913537913, 0.0978915524571726, 0.2604413777975903, 0.33587114302606424, 0.03446363445284656, 0.004213727169631417, 0.09902140517012582]
f1_scores_per_class: [0.06502835263924883, 0.16192770737915524, 0.41535054873298577, 0.2664576757945599, 0.3150669720165718, 0.14711375720233139, 0.21460265743370424, 0.5689873372419861, 0.12797695850889487, 0.17007534612813444, 0.37229570025051023, 0.41927503054433085, 0.07291666492526588, 0.010999083214590717, 0.17817154805906088]
recall_scores_per_class: [0.19770114942528735, 0.36324324324324325, 0.5279549718574109, 0.39756782039289057, 0.4339737724916133, 0.5095502156500308, 0.2433668801463861, 0.8205050197748707, 0.9914187643020596, 0.3455818022747157, 0.7795191069128381, 0.6377617801047121, 0.3783783783783784, 0.5581395348837209, 0.5041322314049587]
precision_scores_per_class: [0.03891402714932127, 0.10418604651162791, 0.34233576642335767, 0.20037718057520038, 0.2473062217587765, 0.08596673596673597, 0.1919191919191919, 0.435491684159535, 0.06840339451351884, 0.11279268989149058, 0.24454471982758622, 0.312289697163916, 0.040345821325648415, 0.0055542698449433, 0.10820719016083255]
