mean_accuracy: 0.7839974996093139
mean_auc: 0.6857484648599017
mean_f1: 0.260510662434636
mean_auprc: 0.20315605198727782
mean_recall: 0.4408197867471176
mean_precision: 0.20129351413352659
accuracies_per_class: [0.9291295514924207, 0.8196593217690264, 0.8636505704016253, 0.9332317549617127, 0.6952648851383029, 0.7726207219878106, 0.9425300828254415, 0.590014064697609, 0.7145257071417409, 0.8704875761837787, 0.6971011095483669, 0.5682137834036568, 0.9386232223784966, 0.6568604469448351, 0.7680496952648851]
auc_scores_per_class: [0.7118602635807012, 0.7090852264448795, 0.7590116707901664, 0.7775520137541099, 0.7004606870453235, 0.6046412118130741, 0.8318582197246868, 0.6995647926902083, 0.580483700353958, 0.6700218094747726, 0.7411975750360886, 0.629359148794124, 0.6293018548679264, 0.578484725552223, 0.6633440729762851]
auprc_scores_per_class: [0.05108659371524721, 0.08576282452474177, 0.31326874895252627, 0.22414295911760482, 0.2608161337066365, 0.1071395728610366, 0.3087238999859767, 0.6129122337399135, 0.09794814184814926, 0.08186427779200255, 0.39513455951937887, 0.3478672877626644, 0.03829653633371726, 0.003932391009736115, 0.11844461893983532]
f1_scores_per_class: [0.10991167475808038, 0.1505336740245038, 0.4152144722689381, 0.3038696488511861, 0.3256095411561604, 0.16523235443148432, 0.3878485177207573, 0.5873702374665797, 0.15769452127773953, 0.15065333944006898, 0.4461747223257289, 0.42087612224426724, 0.08396501019949193, 0.009473327878276996, 0.19323277247627602]
recall_scores_per_class: [0.2574712643678161, 0.44216216216216214, 0.4649155722326454, 0.3489242282507016, 0.5742604452577005, 0.35489833641404805, 0.4263494967978042, 0.7574282527127066, 0.391304347826087, 0.2572178477690289, 0.6704594246457707, 0.6570680628272252, 0.12972972972972974, 0.4883720930232558, 0.39173553719008264]
precision_scores_per_class: [0.06986899563318777, 0.09070747394100688, 0.3751135331516803, 0.2691197691197691, 0.2272233618921202, 0.1076836791923724, 0.35572519083969467, 0.4796737524886006, 0.09874404504114336, 0.10652173913043478, 0.334332512578953, 0.30958988590810976, 0.06206896551724138, 0.004783054321831227, 0.12824675324675325]
