mean_accuracy: 0.8263634942959838
mean_auc: 0.6976684563531176
mean_f1: 0.2761152307163665
mean_auprc: 0.2137547792694847
mean_recall: 0.39316510949839717
mean_precision: 0.22541614406136296
accuracies_per_class: [0.960267229254571, 0.8987732458196593, 0.8510314111579934, 0.9236990154711674, 0.768127832473824, 0.8767776215033599, 0.9493280200031254, 0.5868104391311142, 0.8897483981872167, 0.8096186904203782, 0.7241365838412251, 0.5107047976246288, 0.9056102516018127, 0.9951945616502579, 0.7456243162994218]
auc_scores_per_class: [0.7101205249686273, 0.7821352129154813, 0.8045775224359758, 0.8016070413304854, 0.6882096645546907, 0.587766070984715, 0.8413459016296116, 0.6726350127593377, 0.6295573601343981, 0.6751880578375951, 0.664898777395948, 0.6068882888604531, 0.6494399635048971, 0.6694973699324478, 0.6811600760521022]
auprc_scores_per_class: [0.05964516991886722, 0.13976397646077587, 0.3410980142629631, 0.2289287684595533, 0.2615821535574441, 0.11734754505942858, 0.3604611019513257, 0.5582577882184654, 0.16964160570534476, 0.09383454563012322, 0.350886202034213, 0.3152378865805524, 0.042730976172801784, 0.036238984169697765, 0.13066697086071413]
f1_scores_per_class: [0.11179038830152002, 0.21603630459236342, 0.42375698476146306, 0.31159675244135454, 0.32793567645456045, 0.15668448706584276, 0.43974081574986684, 0.5808829309602157, 0.22557628479968583, 0.16314614144379233, 0.39249762919853165, 0.4081285403151532, 0.09445277031822837, 0.08888888426447214, 0.20061387007844697]
recall_scores_per_class: [0.1471264367816092, 0.38594594594594595, 0.5260787992495309, 0.41347053320860616, 0.44159804818542236, 0.18052988293284042, 0.4656907593778591, 0.7432309096440524, 0.2351258581235698, 0.41557305336832895, 0.4896951481322456, 0.706479057591623, 0.22702702702702704, 0.06976744186046512, 0.45013774104683196]
precision_scores_per_class: [0.09014084507042254, 0.15, 0.3547570850202429, 0.25, 0.260806916426513, 0.13840340103920643, 0.4165302782324059, 0.4767449424315358, 0.21677215189873417, 0.1014957264957265, 0.327494615936827, 0.2869484316852738, 0.05963085660198769, 0.12244897959183673, 0.12906793048973145]
