mean_accuracy: 0.862382143043184
mean_auc: 0.7381087822762816
mean_f1: 0.31431545939143807
mean_auprc: 0.25529928856817014
mean_recall: 0.391558991524879
mean_precision: 0.2772128455199644
accuracies_per_class: [0.9571417408970152, 0.9004531958118456, 0.8513048913892796, 0.9508907641819034, 0.7705110173464604, 0.9051414283481795, 0.9572198781059541, 0.6564306922956712, 0.9178777934052196, 0.8893186435380528, 0.7871933114549148, 0.6697530864197531, 0.9338568526332239, 0.9825363338021565, 0.8061025160181279]
auc_scores_per_class: [0.7696396585301006, 0.818995165568065, 0.8444838062601215, 0.8362802521174905, 0.6879208733762396, 0.6487820851240558, 0.896607633869281, 0.7187910687504517, 0.6568975987892811, 0.7032925913296131, 0.7720592234096364, 0.6476186268354435, 0.6697395370691166, 0.6800898872307259, 0.7204337258846014]
auprc_scores_per_class: [0.08157098531894207, 0.15197468916391016, 0.3735232322282922, 0.3036889582123267, 0.284847890263323, 0.15856255497045985, 0.4418655604654397, 0.6469915320874701, 0.2206538099496309, 0.10892461406815122, 0.4797696162589197, 0.37012838195714176, 0.04846884629491202, 0.005475909076952309, 0.15304274820668062]
f1_scores_per_class: [0.17456733946398037, 0.24211778304282458, 0.46075374990440904, 0.3883211628913682, 0.3445659404613133, 0.2152553279144593, 0.5135495285448178, 0.6018292081334405, 0.28649015131819694, 0.1972230049714013, 0.5079049549230387, 0.4347709747722235, 0.0980287651476289, 0.013245030036500086, 0.23610896934596856]
recall_scores_per_class: [0.26666666666666666, 0.44, 0.6101313320825515, 0.37324602432179604, 0.4708752668496493, 0.20517560073937152, 0.5288197621225984, 0.6739681573876889, 0.2414187643020595, 0.30446194225721784, 0.6034778875053671, 0.5319044502617801, 0.16576576576576577, 0.03488372093023256, 0.4225895316804408]
precision_scores_per_class: [0.1297539149888143, 0.16700861715223636, 0.370134304575461, 0.40466531440162273, 0.2716874890022875, 0.22637661454792657, 0.4991364421416235, 0.543640081799591, 0.35225375626043404, 0.14585079631181894, 0.4384651380439869, 0.3676354178446229, 0.06959152798789713, 0.008174386920980926, 0.16381888082016233]
