mean_accuracy: 0.7353701099130073
mean_auc: 0.6791174797770007
mean_f1: 0.24931720939813085
mean_auprc: 0.19172298331212467
mean_recall: 0.4675599834166388
mean_precision: 0.19484750019877714
accuracies_per_class: [0.9508907641819034, 0.8587279262384747, 0.8361462728551337, 0.9366307235505548, 0.6757696515080481, 0.8202062822315986, 0.9240897015158619, 0.6673308329426473, 0.2037818409126426, 0.8464213158305985, 0.7195655571182997, 0.6374042819190499, 0.8651351773714643, 0.9882012814502266, 0.10025003906860447]
auc_scores_per_class: [0.712090230867238, 0.7281926148109117, 0.7993728391308194, 0.7564887827366362, 0.6986964411970503, 0.6508931836671153, 0.7796764173134278, 0.7043319587451466, 0.511145147336641, 0.7020189139957063, 0.7466342542896178, 0.6787440364210774, 0.6791789033552541, 0.5718856262478006, 0.46741284654056886]
auprc_scores_per_class: [0.04849402329438729, 0.09474757366614332, 0.31656597844201867, 0.1627545745724349, 0.25684615892595647, 0.11742214293733388, 0.18873301979940038, 0.6378054260645055, 0.07370102747149845, 0.09380006297214125, 0.38747111675742807, 0.3837620240572697, 0.04465918119038952, 0.004837668905257883, 0.0642447706257044]
f1_scores_per_class: [0.11291460407253605, 0.16451016299766752, 0.39585133494117125, 0.25732600232822544, 0.3231384024107559, 0.18635077384272622, 0.265406422371744, 0.5875514602558164, 0.12958059142606906, 0.16592403621557889, 0.4473359978634729, 0.46025006811343266, 0.09110057675672412, 0.019480515455389598, 0.1330371919206527]
recall_scores_per_class: [0.1839080459770115, 0.3848648648648649, 0.5155722326454034, 0.2628624883068288, 0.6041476059774321, 0.32470733210104746, 0.3211344922232388, 0.6150491836527735, 0.8678489702517163, 0.342082239720035, 0.6236582224130528, 0.6474149214659686, 0.3117117117117117, 0.03488372093023256, 0.9735537190082645]
precision_scores_per_class: [0.0814663951120163, 0.10461357625624448, 0.32125321487023617, 0.2520179372197309, 0.2205522155421955, 0.13067195636002976, 0.226159793814433, 0.5624072700296736, 0.07001753900120004, 0.10952380952380952, 0.3487394957983193, 0.35703329423441305, 0.05334566759173605, 0.013513513513513514, 0.07139682411410563]
