mean_accuracy: 0.09666875032557169
mean_auc: 0.5000697745410143
mean_f1: 0.16300935825488108
mean_auprc: 0.5482783860050546
mean_recall: 1.0
mean_precision: 0.09655677201010912
accuracies_per_class: [0.016994842944210033, 0.03613845913423973, 0.10599312392561337, 0.04176433817784029, 0.12810595405532113, 0.06340834505391467, 0.042701984685107046, 0.3852555086732302, 0.06829192061259572, 0.044655414908579466, 0.18198155961869042, 0.23878731051726831, 0.021683075480543833, 0.0033598999843725583, 0.07090951711204876]
auc_scores_per_class: [0.5, 0.5, 0.5010466181152152, 0.5, 0.5, 0.5, 0.5, 0.5, 0.5, 0.5, 0.5, 0.5, 0.5, 0.5, 0.5]
auprc_scores_per_class: [0.508497421472105, 0.5180692295671199, 0.5521567245968373, 0.5208821690889202, 0.5640529770276606, 0.5317041725269573, 0.5213509923425536, 0.692627754336615, 0.5341459603062979, 0.5223277074542897, 0.5909907798093452, 0.6193936552586341, 0.510841537740272, 0.5016799499921862, 0.5354547585560244]
f1_scores_per_class: [0.0334216891953972, 0.06975604170827811, 0.18891999970704, 0.08018001048104724, 0.22711688110362468, 0.11925493109502582, 0.08190640260164252, 0.5562230266979484, 0.12785254415136274, 0.08549309914795566, 0.3079262220262843, 0.38551784727270255, 0.04244579515642133, 0.006697297651497536, 0.1324285858269884]
recall_scores_per_class: [1.0, 1.0, 1.0, 1.0, 1.0, 1.0, 1.0, 1.0, 1.0, 1.0, 1.0, 1.0, 1.0, 1.0, 1.0]
precision_scores_per_class: [0.016994842944210033, 0.03613845913423973, 0.10431344919367465, 0.04176433817784029, 0.12810595405532113, 0.06340834505391467, 0.042701984685107046, 0.3852555086732302, 0.06829192061259572, 0.044655414908579466, 0.18198155961869042, 0.23878731051726831, 0.021683075480543833, 0.0033598999843725583, 0.07090951711204876]
