mean_accuracy: 0.8210137000573005
mean_auc: 0.6957323000605826
mean_f1: 0.2632564924584993
mean_auprc: 0.20569299107308034
mean_recall: 0.39472491476213034
mean_precision: 0.21253664721106336
accuracies_per_class: [0.9445616502578528, 0.858923269260822, 0.84489764025629, 0.9403422409751524, 0.7576965150804813, 0.8463822472261291, 0.9279184247538678, 0.6747929363963119, 0.7975074230348492, 0.8604860134396, 0.762462884825754, 0.6020862634786686, 0.8797859040475074, 0.992850445382091, 0.6245116424441319]
auc_scores_per_class: [0.7172297758755454, 0.8030910128644311, 0.7827493656432222, 0.8082687401673336, 0.7282974003341439, 0.61884866161431, 0.784526972610744, 0.7053371511290059, 0.5878200667538191, 0.5875915512605663, 0.7488520669152596, 0.6420422128144344, 0.693073989288198, 0.5971023675166145, 0.6311531661211123]
auprc_scores_per_class: [0.049768733326978114, 0.13387321552897394, 0.31669869783270366, 0.2393962062930255, 0.29782843147394533, 0.11068871989683025, 0.20656396129828092, 0.6224950154624445, 0.11742733224077317, 0.06394155242412655, 0.4240926011587588, 0.3403479257746771, 0.048893070832906664, 0.007213756270011429, 0.1061656462817688]
f1_scores_per_class: [0.11257035251206501, 0.2199179056376761, 0.4019282868482509, 0.32343818730455093, 0.35043987818827627, 0.16800676654409513, 0.28901733616466824, 0.590031515886693, 0.15874046014589482, 0.12496936621969935, 0.475500340258314, 0.4347633009170045, 0.09098965752435485, 0.03174602678648492, 0.17678800593946145]
recall_scores_per_class: [0.20689655172413793, 0.5502702702702703, 0.5005628517823639, 0.3414405986903648, 0.5102165294297042, 0.24460874922982132, 0.34309240622140896, 0.6074434641517088, 0.2797482837528604, 0.2230971128608924, 0.5916702447402319, 0.6408704188481675, 0.2774774774774775, 0.03488372093023256, 0.5685950413223141]
precision_scores_per_class: [0.07731958762886598, 0.13741900647948163, 0.3357664233576642, 0.30723905723905726, 0.2668687190939544, 0.1279407025459233, 0.2496671105193076, 0.5735899645695681, 0.11080897348742352, 0.08679373723621511, 0.39746178252091147, 0.32896615436297977, 0.05441696113074205, 0.02912621359223301, 0.10466531440162272]
