mean_accuracy: 0.7168958691462208
mean_auc: 0.6655531047451343
mean_f1: 0.23451379697723654
mean_auprc: 0.1680675000917388
mean_recall: 0.49096041472746577
mean_precision: 0.17037988513897487
accuracies_per_class: [0.8715424285044538, 0.8277074542897328, 0.7139787466791686, 0.9326847944991405, 0.6874511642444132, 0.4120175027348023, 0.9142834817940303, 0.6127129238943585, 0.6519768713861541, 0.6784653852164401, 0.7314033442725426, 0.2716440068760744, 0.8735739959368651, 0.9931629942178465, 0.5808329426472887]
auc_scores_per_class: [0.5798187488664952, 0.7825926270804873, 0.5869932171913407, 0.7809352195169654, 0.6766219133948149, 0.5463653156319652, 0.7466162535356594, 0.6973531644997335, 0.6129097460883075, 0.6247639382050213, 0.7739339644359242, 0.4946685765659782, 0.6748608318393869, 0.7590194907605773, 0.6458435635643567]
auprc_scores_per_class: [0.02370882373529331, 0.09806225532377731, 0.14302712935000503, 0.1877478190525673, 0.2330078345631061, 0.07259021036762084, 0.15276602104943326, 0.6188526437551622, 0.10523010571859163, 0.06396736088483407, 0.40023741873264906, 0.23980972128378553, 0.05103829177472477, 0.021681197507631474, 0.10928566827689885]
f1_scores_per_class: [0.052449565530442166, 0.1685520333194455, 0.21440068268510165, 0.27938100718479897, 0.305676093827734, 0.13086162916276406, 0.23660403147303183, 0.5846914359318572, 0.1635680723735245, 0.12278831591611723, 0.47563114483543173, 0.38736814111634976, 0.09507829715400871, 0.12060301016742021, 0.18005349398052095]
recall_scores_per_class: [0.20919540229885059, 0.48324324324324325, 0.374859287054409, 0.3124415341440599, 0.5370539798719122, 0.6980899568699939, 0.3110704483074108, 0.707636142379069, 0.4982837528604119, 0.5039370078740157, 0.669386002576213, 0.9643324607329843, 0.3063063063063063, 0.13953488372093023, 0.6490358126721764]
precision_scores_per_class: [0.029983525535420098, 0.10207810002283627, 0.15013525698827773, 0.2526475037821483, 0.21363581220429456, 0.07219779519531001, 0.19090398652442447, 0.49814391776127925, 0.09784318130757133, 0.06991139701420075, 0.3688631255175677, 0.2423619392244747, 0.05627275736511089, 0.10619469026548672, 0.10452528837622005]
