mean_accuracy: 0.6477262072198781
mean_auc: 0.6300996073031718
mean_f1: 0.22578434306015518
mean_auprc: 0.16290273884832487
mean_recall: 0.5241684727666481
mean_precision: 0.16709594762553256
accuracies_per_class: [0.9555399281137678, 0.5587591811220504, 0.8405610251601813, 0.9333489607751211, 0.6811220503203625, 0.5410220346929208, 0.9055321143928738, 0.6197452726988592, 0.07126113455227379, 0.8561884669479606, 0.20260978277855915, 0.30450070323488043, 0.925847788716987, 0.9949601500234412, 0.32489451476793246]
auc_scores_per_class: [0.6888823562464624, 0.6193578849004248, 0.7926299004690063, 0.8148079913306818, 0.6240830524783436, 0.552140322475642, 0.6860317606235194, 0.7010722445229878, 0.38309450509212806, 0.6818972522108314, 0.5154932413884974, 0.5081425928013427, 0.6733521349311454, 0.6704404565469082, 0.5400684135296565]
auprc_scores_per_class: [0.044366705045453564, 0.05040741111146261, 0.33454898084285245, 0.25321302281413116, 0.2051843649444121, 0.07558047171394841, 0.08940541600354973, 0.6333076877950159, 0.05058943025401436, 0.09387829284130013, 0.2289517474226355, 0.23117724407180446, 0.04368430862419234, 0.03271556346343739, 0.0765304357766626]
f1_scores_per_class: [0.09105430856450789, 0.09561178594413162, 0.39352057776925303, 0.33411396859517994, 0.27190008506713553, 0.1319639405521361, 0.15983321280122975, 0.5870422964612241, 0.12808098471542767, 0.16625141179121838, 0.30958662883157284, 0.3898409618648109, 0.08925143563152323, 0.09790209310773167, 0.14081145420524466]
recall_scores_per_class: [0.1310344827586207, 0.6454054054054054, 0.49681050656660414, 0.40037418147801684, 0.464775846294602, 0.5502156500308072, 0.21043000914913082, 0.7015515667782172, 0.9988558352402745, 0.321084864391951, 0.9823958780592529, 0.9304646596858639, 0.16756756756756758, 0.08139534883720931, 0.7801652892561983]
precision_scores_per_class: [0.06976744186046512, 0.05163019977514486, 0.3257874015748031, 0.28667113194909577, 0.1921573572059009, 0.074972714297708, 0.12885154061624648, 0.5046688065363292, 0.06842765323718451, 0.11216381418092909, 0.18374558303886926, 0.24657474852584113, 0.060824068018312624, 0.12280701754385964, 0.07738973602229873]
