mean_accuracy: 0.8394905453977183
mean_auc: 0.6911952558303107
mean_f1: 0.26644640939490133
mean_auprc: 0.20984801974195996
mean_recall: 0.3572714347201309
mean_precision: 0.22103033621716212
accuracies_per_class: [0.9568291920612596, 0.9211595561806533, 0.857008907641819, 0.937255821222066, 0.7793405219565557, 0.8370448507579309, 0.9283872480075012, 0.6456477574621035, 0.8525941553367714, 0.8308329426472887, 0.7793795905610251, 0.5537583997499609, 0.9487419909360838, 0.9955461790904829, 0.7688310673542741]
auc_scores_per_class: [0.7127480177084862, 0.760755126655982, 0.817380921621214, 0.8312481313905301, 0.6864407519677888, 0.6097106986168641, 0.7535601723843662, 0.7126648111321245, 0.6285062954969574, 0.6572816014037177, 0.7648246929196716, 0.6458022452104614, 0.6538693119860006, 0.5792074243570693, 0.5539286346034284]
auprc_scores_per_class: [0.05074025058589001, 0.11861667183226005, 0.36306821487559193, 0.25012198142075914, 0.2699699955002942, 0.11128598343765785, 0.15175457358868447, 0.6462287775590211, 0.13371113850625393, 0.0904808967454384, 0.4572595993854081, 0.35122608692955104, 0.05000623838235689, 0.0099397433130414, 0.0933101440671909]
f1_scores_per_class: [0.12092282761395393, 0.20862744635717043, 0.44729688434768844, 0.34234233741982883, 0.32115384137809755, 0.16093340940212933, 0.22231649905686482, 0.5945825089267605, 0.18527315444523254, 0.15594541564003292, 0.5025107871614103, 0.432813582027041, 0.09641872805975821, 0.04999999593888922, 0.15555872314866123]
recall_scores_per_class: [0.17471264367816092, 0.2875675675675676, 0.5557223264540337, 0.3910196445275959, 0.40744129307715765, 0.24645717806531114, 0.23970722781335774, 0.6744752053544265, 0.24542334096109839, 0.34995625546806647, 0.6122799484757406, 0.713023560209424, 0.12612612612612611, 0.03488372093023256, 0.3002754820936639]
precision_scores_per_class: [0.09245742092457421, 0.1636923076923077, 0.37427343947434927, 0.30444282592862343, 0.26502678040071415, 0.11947431302270012, 0.20727848101265822, 0.5316121812804732, 0.14880332986472425, 0.10032605969400551, 0.4261168384879725, 0.31070868387280764, 0.07803790412486064, 0.08823529411764706, 0.10496918335901387]
