mean_accuracy: 0.782538938375788
mean_auc: 0.687250529779369
mean_f1: 0.24690429334829334
mean_auprc: 0.19246915067391537
mean_recall: 0.4025741405885509
mean_precision: 0.19664173542055388
accuracies_per_class: [0.9500312548835755, 0.8976793248945147, 0.8435302390998594, 0.9284263166119706, 0.764377246444757, 0.8271604938271605, 0.9152601969057665, 0.6602984841381466, 0.7086263478668542, 0.854039693702141, 0.756094702297234, 0.6406079074855446, 0.8967807469917175, 0.9910142209720268, 0.10415689951554931]
auc_scores_per_class: [0.6679115233528261, 0.781044338083777, 0.764991376773276, 0.8209306419839414, 0.7022014283827873, 0.5798888069266875, 0.7001975298205545, 0.7002440565100528, 0.6346590837124826, 0.682496773945869, 0.7690110236109381, 0.6764621768794586, 0.635626401530319, 0.726748516313712, 0.466344268863851]
auprc_scores_per_class: [0.037888370530588064, 0.1035059611364689, 0.29243783535847395, 0.20908144349852237, 0.2623861080596326, 0.08965712523860464, 0.10382742109782538, 0.6436014344377388, 0.10898860484105033, 0.09306892537747927, 0.4448742496017976, 0.3819998775935328, 0.04036120905913419, 0.011979548741547658, 0.06337914553633393]
f1_scores_per_class: [0.08315411757197386, 0.17719132481188116, 0.3750975142554668, 0.2904724970843341, 0.32921810236201726, 0.14063713631965855, 0.17308424980900808, 0.5854193437041959, 0.17499999688052711, 0.15551536687300843, 0.488739656242466, 0.4567412698212231, 0.08263888577745238, 0.05737704461569508, 0.13327789409549226]
recall_scores_per_class: [0.13333333333333333, 0.30486486486486486, 0.45103189493433393, 0.3507951356407858, 0.451357121073498, 0.2230437461491066, 0.20768526989935956, 0.6225534935604908, 0.4525171624713959, 0.3009623797025372, 0.6406182911120653, 0.6326897905759162, 0.21441441441441442, 0.08139534883720931, 0.9713498622589531]
precision_scores_per_class: [0.06041666666666667, 0.12488928255093003, 0.32104700854700857, 0.2478519497686715, 0.25910364145658266, 0.10269503546099291, 0.14836601307189543, 0.5524658027357812, 0.10847504114097642, 0.10484608351112466, 0.39507480471335893, 0.35736068755198225, 0.051182795698924734, 0.04430379746835443, 0.07154742096505824]
