mean_accuracy: 0.7177345418554982
mean_auc: 0.6577728210669284
mean_f1: 0.22623516306849634
mean_auprc: 0.1614110168407944
mean_recall: 0.4781789287498793
mean_precision: 0.16066736014154134
accuracies_per_class: [0.9272151898734177, 0.8659556180653227, 0.819620253164557, 0.8777152680106267, 0.7597280825128926, 0.45518831067354276, 0.8781450226597906, 0.5727848101265823, 0.3080168776371308, 0.8450929832786372, 0.7162447257383966, 0.23890451633067666, 0.8230582903578684, 0.989451476793249, 0.6888967026097828]
auc_scores_per_class: [0.6923082475295876, 0.7781621709261448, 0.7280233636712404, 0.6575031590203011, 0.7006504108103367, 0.56577102978785, 0.6707170759642218, 0.6922367492189737, 0.5249082168570282, 0.6542437598522693, 0.7686847982477125, 0.42722477988383006, 0.6442613213429076, 0.725985933468863, 0.6359112994226588]
auprc_scores_per_class: [0.041401364907005224, 0.09520898606443257, 0.27014967908125775, 0.08543259348269933, 0.2618824958367213, 0.07569275410991431, 0.0868862983076499, 0.5976881959902524, 0.06703374676789434, 0.07789556988800195, 0.40507371643886486, 0.20686890588829915, 0.038591063185759306, 0.008719711434926565, 0.10264017122823735]
f1_scores_per_class: [0.09166260026582043, 0.16581570281074365, 0.34594134676618044, 0.1508410159578265, 0.33195741448819616, 0.1369066021415279, 0.15634297663045787, 0.5828087397267308, 0.14019417320419947, 0.1463939683025155, 0.45987952250392955, 0.38555432585791144, 0.08040608937073364, 0.042553187250138756, 0.1762697807505331]
recall_scores_per_class: [0.2160919540229885, 0.36864864864864866, 0.45816135084427767, 0.2600561272217025, 0.4659957304056115, 0.6814540973505854, 0.2644098810612992, 0.7745664739884393, 0.8260869565217391, 0.2974628171478565, 0.6638042078145127, 1.0, 0.3567567567567568, 0.06976744186046512, 0.46942148760330576]
precision_scores_per_class: [0.05816831683168317, 0.10696361355081556, 0.2778789258079199, 0.10622850592281238, 0.25780327315674034, 0.07609742672354479, 0.11098310291858679, 0.4671559633027523, 0.07659664757054954, 0.0970873786407767, 0.3518033906018887, 0.2388153010588833, 0.04530892448512586, 0.030612244897959183, 0.10850738665308202]
